15395101541
15261196362
15397563151
15311720080
13326304860
18012762114
15379594841
18173444902
18168275198
13388312612
18027393297
15302611011
15303126205
18979522561
18907499336
18060915042
18178130859
18070473134
13308315641
18163664006
13335641170
18973259871
18973283780
13326320123
18178221996
18186532288
18130505423
18138171066
18023052394
15333304447
18165850574
18190695816
18009651215
18120171287
13315120714
18070409060
18070692164
18149416007
18070385716
13307848114
15379485032
15989143965
18060357365
18902546118
18199322755
18117312371
18163188398
18909138578
18982712391
18077820390
18117920496
13352826353
18071282193
18915612349
18050195914
18035813798
15387781706
18037830496
18061491125
15369303876
15390692962
18975574584
13303788620
13323666240
18090513392
15311439430
18150392359
15369305373
18103918723
18976500400
18048820212
18192315923
18084783332
18959930927
13337544764
17751551789
18105480567
18935809091
15366991617
18076550864
18940921225
18178107209
18970133014
15770712321
15388430585
18068012759
18094217680
15319955418
13365313941
13355472727
18913550217
18014860562
18074817340
18971919889
18099983869
18060715744
13333351138
18079102070
18142502515
17707877389
18937512124
18037290299
18061158596
18189534706
18939206890
18122538596
13353582738
18090335265
18935349918
18156002175
18055626923
18080207889
18051371896
18177072928
18075454610
18181877609
15373986669
13395509771
13395322612
18110968683
18170600911
18956414828
15350204159
15386422057
18999173322
13330118395
15336469778
13321265986
18074410460
15361187091
13330623505
18118848148
18118175594
13332113375
15351626193
18007131800
18128578384
15358593698
18912936326
18081140320
18139365698
17727151772
18035792758
18162392906
18942924401
18009031314
15320694442
18177592549
18955194350
18949475122
18020595113
15323751377
18140029837
18995419771
15390416494
15377645235
18136053596
18195243851
18039287751
18002950919
18146683808
18051492114
18654149920
18977059539
15386971057
13397409981
18061944244
18905603932
18980933442
13323027237
18035067797
18936025320
18039556535
18986060912
13301521071
13341575259
13375552767
18054242322
13450795031
18915419618
18137032235
15390109542
15384317995
18906457267
13309643138
17773626468
18075107915
13358823891
18915951007
18040636148
13382089661
18107071946
18008241810
15303223629
18061888094
15304166868
18014269081
15361979326
13323042192
18173423415
18088679798
18056318527
13383332477
18943141560
18163978161
18075287601
18072879972
18118637720
18071115912
13353842122
18103915619
13384033199
18163132291
15373761891
18934260817
18037962276
15333194901
13881469800
15354197878
13393947360
18942371904
13317924383
18937898752
13382926360
13319440175
18020532159
13395267589
13325959782
15359655591
15387400096
13333906165
18108449270
18928066571
13322002525
18962451150
13361355365
15081038053
18179664414
13336257013
18111344909
13363221344
13378307891
15327017170
15324912286
15304701073
13343239777
13326721963
18975420870
15347223246
13333819550
15351867553
18033531609
13315335214
18963084450
15324449013
13358856249
18119905171
15377121803
13333318077
18057566912
13310545302
18040392883
13353791130
18107759521
18081288903
13312448655
18056195926
13353304920
13320084352
18014072310
18132516711
15366932888
18946652133
13331208522
18937730416
18170752700
18955015227
18184017967
13367598864
18195494655
18143047516
18186355268
18163923175
13373263823
17737293661
15373082585
18170460499
18023576642
18029801552
13353560602
18151410762
13315009664
18919672787
18051355972
15373816809
15369301578
18061308558
18155217272
18132088013
15370131151
17731603939
18903448532
18927968433
18003887334
15399718586
18014161745
18110729144
13355103461
13365929359
13463710452
15383660350
18068670248
13333819528
15395319077
18000915087
18021821989
18111339909
15387591708
18078210569
13335560222
18051053361
18146722700
15342270671
18060018797
18098176931
18070337559
15333033011
18943020869
13361488827
18177721013
13320772773
15369339668
15307754695
17732178931
18103963440
18980832267
18904335089
18979839814
18029367071
18070513430
13330128448
13325009378
18170722622
18037772579
18955423837
18106622226
18041205503
18978423967
18170760731
18127700340
18970723345
18102506653
17734571024
18928070002
15367267870
18922720655
18940959397
18979574477
18954839776
13393308729
15383002277
18061117790
15373951940
18061238163
18055952711
18949303885
15358463621
18107153780
18163655168
15386942697
13383558562
18172279314
18955564690
17717782228
15255008484
18971858425
18125092049
15318219698
15360685606
18931239917
13352315938
18931998499
13363393321
15350738187
18969673083
18131516787
18108502171
13322255871
15978313264
15369302133
18181744193
15365132560
13394754945
18935578115
13319912225
18972288495
18021361059
15345569198
15382327755
18062645506
18021752080
18116297615
15256558189
18121637991
18912121919
13342298521
15318650523
15672834232
18040535766
15343117576
15117282727
13397131828
15339952668
18904100306
18942392305
18023899775
18062382978
18970884881
13355167600
15315330566
18080437561
15379672112
18134552300
13397181506
15369301986
17704302965
15343111816
13383891259
15343119989
13335642468
18030457721
18035503818
18131951397
15362516340
13371631817
13385195626
15382225558
15330626688
15369307922
18949378845
15367600717
13384924371
18136896516
18096221696
18107009123
13303221535
18086508355
18903279877
13332364643
15343117165
15326262001
15356333893
15305272430
18093970035
15350608882
18178941650
18979878867
13333049160
18033891707
13383466777
18942584599
18921002128
18051395755
15375501208
13358786723
18039113927
18078515003
18037739737
18931318995
15343855327
15369396934
13319401610
15363187449
18937409194
15373430814
18115169832
18921567212
18015831639
15386300986
15351979786
18032997972
18979575706
13323809301
15340384091
18074652654
18903237193
18132686283
18005629050
13303113200
15388462126
13363563033
13307910356
18979579160
18137804833
18993703125
18041206747
13338951320
18979970304
18186320047
18091796528
15369333539
18107152320
15395444044
15342355020
15304534923
18174007297
18190541738
13331558289
17715033564
13343217336
18155634481
13303135446
13313194268
15303461010
18033853510
18140653152
18066049480
18016786071
15312892875
18940282265
18186036336
18131234546
18070421691
18086081519
18971461312
13387595107
17706275496
15365197229
13302182905
18173749864
18903237195
13353504363
13343238669
18028080300
18018035089
17731109995
15333893983
18146628556
18168848361
18132167052
18107923230
18937122633
18047300198
15369587388
18041902903
18003539056
18146689179
18935232663
13393234568
15388469013
18039659799
15370803953
18695820604
13375676097
18171531023
17732309785
13382333701
18962675208
13306114441
15343562055
18019672682
18050368578
18926013465
15369327856
13383829862
18994653882
13336398718
18921900965
18952112535
18921909973
18195786333
18078845797
13617980454
18093954532
18079802419
18172326747
13373984773
18921653880
17712195952
15350530750
18082393550
18926426520
15383245000
18080657003
15304055305
18032127385
18973849566
17712775044
15303718366
18073150199
18080557015
18108862111
13305550602
18962334324
18179821193
18032695510
18036401892
18151909387
18137130221
17731936087
15371988946
13385636197
18109962325
18993960798
15369288217
18070259929
15356732870
15365157229
15373672451
18979077472
13393112709
13373984765
18039947521
18904290372
15355405355
17751789727
15317084360
18146690775
17791320610
17732177818
18042856923
15324236068
18171833888
13315938063
18152060316
15350738179
18926147043
18068605937
17707069529
17733858656
18970310704
15391986283
13373984679
13314345231
17768204276
18079144212
15388054507
18032860229
18904290130
17717115751
17731116857
13303480522
18118249992
15378400035
13340073295
15398012750
18012861567
13327517712
18032173767
13358032059
13372122411
13333701059
18942310045
13372129411
18086505735
15383895556
13372120411
13309828963
15315250618
18132161911
13372125411
15383660303
18010822113
15305558809
17712070081
13331366906
18037140092
15397979242
18186499866
15373005716
15343114448
18002454835
13332253066
18151905917
18020400283
18177481151
13340084857
18979864162
17768575536
13358999931
18033600836
18103171860
18912627750
18074754558
18052235043
13390476088
15060269172
13343660857
15351575938
13340113634
15365158583
15380826011
15301462313
18179824615
17732175151
15383749544
18915058912
13393567344
13601469595
15306239180
17732853806
13363378395
13340076193
13329728943
13331340032
15373844321
13303049573
13313566317
15369913439
18096593753
13355158445
13343218339
18056717508
13393532021
15383309083
17733832156
13301467903
18046816910
18023740940
13320197169
15920694116
17731927006
18979882442
18151446701
15350387409
18995653013
13783060709
13333374833
18904170176
17771867963
13319402355
13873916530
13343010001
15312256293
18039924765
18055979708
18156508988
18947581231
18134371055
15395472086
18146629198
15870010490
13372128411
18954163629
17768123589
18025626635
15333298589
15348311021
17712077081
18052268018
15395118726
13397240186
18061350000
15350739353
17703562973
13318977745
13363695590
13363405071
15360703176
18109820266
15373095444
13913565354
13358939315
18041429923
18994403880
18118576820
18983228701
13373984661
18146643730
18994404020
15380139993
15370698922
18929694002
13337644611
18108082512
18095648891
18086609039
13375579657
18161580730
13226427447
15393709031
17712079931
13343215976
18079836728
18036626786
13337226596
18018038645
13315111235
15333110017
18031104335
18031845229
18168208812
17712088305
18046656688
17768434205
17768674149
15371176968
18160807727
18009640179
18010788225
18136249768
15367061187
18094256962
18979970755
18140437599
15358998659
18961069957
18901481031
13315993059
13333803457
18931177647
18070429676
13320141663
15369303051
18110910134
13384411329
18021991382
18000123405
15343111521
17712789163
15350751193
15343116195
13373984093
18020541075
18161419067
18039689896
18912354199
18956228818
18151109965
13305382497
13301400689
13315181341
18969944341
18003792454
15370501356
18167225568
18912652937
18081537081
15303236010
13397916847
15393718801
15358792266
18963745261
15395093331
18903197692
18132610919
15343117673
18931177175
18952036509
18086983001
17703769760
13333178791
18940301075
18004437891
18055445698
13342276965
18916699723
18952125291
18034561116
15343118186
13327443240
18094171865
13303031660
15380551010
15343111401
18107155355
13363816356
17714211869
18037646766
18976231026
15388542462
18032913243
13389305334
18177402440
18937971530
15343115890
18903260292
15350595807
18170507421
15383332361
15396744606
18940400515
18997478412
15343110155
13353566530
13353501433
15367026640
18112598947
13313319290
15383614411
13337382327
18189812157
17714035787
13352013600
18904170248
15386241756
15343118068
18952936868
18151436017
17768359186
13337875646
18932921577
18161425921
15369327716
15343115979
17734567357
18238708747
18081985277
18713867365
17705143657
13310503621
18982854023
17722528665
15343117093
18914725946
13339755765
17751030187
13728884114
15343112919
15355974980
18151909783
18961766698
15312555656
18164143139
13383110627
18946311935
13363876756
15343112217
15396856996
18068233222
15373077213
13365295906
18151445916
18104961092
18994905613
15343117870
18033310701
18962006652
18909489359
18979675339
18931177576
18137380829
18961692697
18179144961
15373639733
13393317466
18941437888
13358119710
15376797986
13377690590
15343117865
18131377082
18936312720
13373984861
13383236460
18168226559
13372228775
13231137048
18000125810
15343117762
18976907979
18021927266
17707064796
15655327251
18023778719
18093191399
17721728486
18973242103
17732822011
13395286804
13273627369
13357770670
13373984262
18914697968
18993620512
18151143637
18995665527
18031146233
13373390110
15392560313
18014017581
15333291834
18130181293
18174010429
18990507059
15351733351
18155895907
18130075510
15343111067
13383045001
13699506233
18052236021
18029987985
18037352810
15326100657
18931178228
17737252646
17721726756
13340853051
18804004006
15371569767
18019615506
18082361323
18136609000
18179804801
18041086561
18133847185
13373984793
15343112698
13373317198
18814457628
18014349056
15304431125
18042642135
13389615558
18915802391
13373111887
15343112387
13353577092
17706276981
18061012866
13350336359
18907952424
18356491996
18916699725
13315477466
18136605103
15343113877
18080994520
13363666804
18012012570
13361613477
18935295254
18936310820
13386478011
18171711821
18919004225
18972896510
13338855423
13399185195
18915750473
15343560029
15343112090
18019930193
18032667260
18108471730
18170186484
17793307502
13373981543
15350051186
18194741951
18005221449
18179423171
18162202377
13373046723
15383660312
13308257892
18064099583
18996124476
15369307112
18180915720
17768140737
18032604664
15328069742
18919097730
13303033400
13330878002
18904180272
18859622043
13382728775
18962488289
18995668057
18970072736
18936071975
18015222645
18903877999
17702732009
18151607078
15380922871
13343172323
18164113340
18923704898
13377699848
13373984732
13331648260
15350166935
18952542548
13797901330
18015869989
18136605109
13329937666
13376168021
18082398518
18931177486
15351869185
18961162777
18927749019
18137219198
18956195730
17703316553
18037136902
17768140736
13328506157
18979860058
13331342234
15369306553
15333260277
15305778195
18064096223
18155161920
18907985624
18915021089
18136605101
13347280580
15386191102
18070494537
15351250953
18915038360
18136605105
18113200670
18031195026
18953435519
18979578884
13382699477
18941755855
18136301860
18004095663
18151905783
18013862707
15324447127
15343066363
18902084136
13373995470
13383779097
18962489239
18084639334
15371724378
15383660345
13393564989
15366628156
18925200750
18094329766
13324115815
13372015229
15369306568
13340056515
17768214692
18180935196
15369327087
18039974143
13339727749
18190806252
18913500020
18150637712
15373023998
15305778160
13395605225
18970505149
18931756867
13393828647
13387365638
18015622519
18088677887
18193471189
18008252348
13373981745
18095672509
17714035615
15332490580
13323861701
15365638900
18031126626
18007901395
18170574166
18130124162
13337832035
13387543463
15385924214
18956165349
13303985686
13333878011
18052679868
13392622988
18155265913
18107532337
18146698503
15380088625
18108096715
18079844106
15309855236
15366920180
18146715892
18037835421
18015313429
13378093135
15343105256
15396876555
15383091563
18119595182
18093187640
18900651327
17768081944
15350566995
18031976773
13345661988
18911911823
17756401161
18110624425
13350290271
18905682993
18012541766
18974092396
15241171435
18936820356
18193573451
13615176615
18168145520
17737197969
15380088655
15380094910
15338932160
18109275470
18943160883
18030330997
13305670376
18956614980
18151905685
13308399439
18170554044
18033855312
15350162565
18176063093
18163912276
13346935810
13301592083
13353619906
15357377707
18131377510
18130626075
18062611955
18096773321
18045186907
13312538088
15343112665
15320487653
18148031361
18032006185
18977144180
18952316011
18073306263
18100327160
15343112669
18914665158
18162212947
15369303393
18179447229
13339951155
18983091521
15161465692
15343112656
18964522279
18995897186
18179825092
18994510521
18999479947
13333164027
18046817119
13373921730
18928356425
18160697102
15369301036
18039985778
18118080889
13398663006
13395565283
18093817568
15343723622
18052122050
18097813326
13815461919
13388155771
13303561414
18118248756
15303123006
18062222642
18119836620
15386008742
18976232665
18103658520
18955021355
15380088616
15350080092
18012863005
18136811885
13307095507
18119610255
18970968230
18026482648
15369301509
13302011639
18013769625
13339312222
18679617626
18012735867
15350592226
17715128689
18937491235
18905651331
15350739069
18168220886
18042680325
15369303012
18907044525
18070928319
18035630723
15343117297
18136605106
15395210053
13500573111
13338881045
18136605102
18137804906
18112660244
18904100202
13376168815
18166043103
13329792801
18136891715
18903174000
18068855580
13397935072
13346942707
18952558376
17773500244
18912703038
18047251982
15396871108
15346212351
15397978507
18947575524
18149199328
18178196376
13384035461
13393726515
18914588905
13985093565
18069229333
18163522775
13361648517
17751022177
18146687261
18921606125
18979671736
18989147978
15374278582
18955165320
13355015591
13333385361
13393748722
13377525524
18061795522
18190795225
18083350133
18012736716
18935128663
15304978033
18131372153
18179714431
18996421150
18015837350
18053634581
13361842299
13382475168
18937050356
18914660398
18010687095
18952710868
13393729875
13355442006
18093457875
18939222413
18035631015
18168199873
15305152555
13333377155
17768080746
18064281271
13333248388
18578989067
18086742719
18168055323
13313227722
18104995957
18942267778
18171880706
18971786613
18907906646
13348850669
18071792213
18036719962
13340212449
13373983249
13384273520
13347717909
17712915180
18915838584
18939502296
13337221325
18132010906
15358906618
13338958661
18118161108
15358782227
18097856834
13398287007
18186535537
18037537073
15366203552
13372868636
18037954105
18133556496
18949154889
18901412966
15738829954
18186532773
18950230517
18036750048
18108460401
13363142969
13320167027
15365324211
18170235708
13315289852
18042843950
13333833501
18052109768
17717113177
15343713756
15312667149
18151236492
15179076535
15361777619
17708125831
13307500783
13314306780
15376597949
18118176064
13373217551
18979532429
17768434223
13396047356
13333811029
18132065189
18108308147
18093132923
18151769847
13343836725
18019690771
17731143176
15343918434
18160902551
13361303420
15310545613
18951899954
13395510636
15371905008
18951361996
15366105429
18146722303
13333388318
13315991499
13355136329
15398708075
18904145557
15343117670
18986158578
13341305807
15350732050
18153361564
15366966656
18932903619
17712822722
15380085132
15378711513
18112651245
15369303831
15393702352
15350114369
15383896136
18083304334
13358982995
15377537496
18151615393
18052521302
13343795282
18993534535
18071381560
13317934905
18186497509
18937732111
18007211077
18113923086
17706272346
18093421717
13373981483
18112654851
18131615766
18162447681
13683710356
18037624653
18051910110
18905588995
18953723203
15333969849
18381822058
15343116575
18163912611
18118373025
15303489766
13338199269
18120489905
18186982574
18939380313
18019934312
18118099550
17731325497
13324141426
18979646039
13366568232
13382744824
15380658171
18179834191
15339922969
17751031065
13372156935
18137859182
15367145228
15343105282
18151902309
18031146114
13353808106
18977323125
18167960376
18915109757
18037049101
18162211106
18109803326
13373980496
18021898092
15324968000
13394254477
15393715917
15378739387
18086633208
18037462431
18151124586
18103390652
13370768361
17715310010
13393672125
18101632050
18093164186
15366035942
18002608883
18168368204
18115068916
18061673546
18037579338
15390540168
18052746681
13382671815
18949540806
17717111016
13330800320
18037807882
13333046727
18994409620
13373984152
18169197875
13301261583
15391777167
18037472126
18967961018
18031123928
13363810345
17744317574
18962487576
15328280250
18119480370
17732821171
17712051674
18962485598
15380683922
18032342501
18912820981
18076384074
17732173211
18151902251
18921059185
18179821868
18170600466
18051987426
18931178151
15396913213
18112498634
18973246561
13327938573
18037194158
18112518290
17768575017
18000127992
17768438081
17756037325
18156142682
18971805702
18037143065
18936286510
13390760429
18979356074
18032256056
17768353319
13373981486
