15371947158
18997177893
15320264833
18946991511
13317370003
18073498732
18934051858
18110937648
18922263215
17709620822
18023788930
15388323916
18007088190
18159227381
18008273321
18059702391
18905725250
18926987015
18027339349
18959699387
18133314520
18035127673
18039702901
15330423503
13388906010
18992220779
18193226340
15339094819
13325185178
15380833126
18986595413
18111332013
18191254274
18982585383
18991930844
13387333225
18950150277
18995543120
18941832094
18924274592
18900523551
18942001287
18096366821
15399679200
18969256202
15367888736
18002458875
15377797479
18132834606
18036114163
17786250687
13367672822
15369328070
15333590616
13356275535
18988066863
18037334049
13340960801
18008999841
18171083943
15350739379
18015206018
18091383583
18154662967
18078729864
18011581558
18093192953
13368079510
18175131214
13304400455
15367983523
18064246860
15386944236
18163170530
15542598202
13302488047
18162344893
15369330017
18260091992
15364433771
18155584636
18172951568
15324118957
15365757892
13399832640
18084996312
18970866119
13340184948
15385290275
18073232755
15356675398
18913533633
18900649411
17771456309
18873231235
15360697578
18008631988
18183811517
13380077034
15363310306
18075862968
18036985230
15383130971
18015990040
18021339526
18168482612
18038526921
15338050885
18056009477
18086797043
18169596195
15321578217
18162983187
18034020787
13397653080
13310516591
18936796046
18162660405
13339757589
13347682076
18076575130
18196612037
15369306709
15370213286
18120720108
15327707712
18937589418
15393990528
18007782427
18037313001
15303500588
13379433143
18171912808
18938583847
18136757315
13365675332
18931621506
18986471772
15380895109
18982832884
18075819828
15332450503
17715269812
15385894378
18929944344
18935423968
13337876054
13328283288
17706010936
13303938622
15360337068
13927874134
18119356644
18936660709
18115176736
18012688132
18015358143
18173856231
18090550074
18975215113
18954181388
13309608568
18910417715
18940856202
15377786115
18978303083
18073241669
18159218538
18078933700
15370728691
18910587271
13363161027
18900947632
18196765188
15348265007
18030622055
18109615753
13330640631
18153655825
18165854772
15243404441
18907294980
18196271612
18108849520
18930949599
18009484117
18931038428
15326299875
13393574040
15343116319
18098705246
18946519066
18030714916
18953469913
18065695783
17770089773
18981116943
18051012847
18970016343
18070229080
18902500205
13314351181
13361654027
18936972509
18012348302
18975608130
13361653962
18948934838
13349735946
18904416005
13356792266
15324176731
18029577077
15304165853
15315349158
15358128396
13383308278
18104333722
18941804185
13324222959
17710135265
15395402348
13793966734
15370228178
18149146067
18053211368
13307863211
18136010901
13333156256
13332176620
15369303202
18171022688
13855005285
18121794005
13397908006
13338902691
18168618008
13316802518
18937177432
18114752690
18075258128
18090818721
18953055973
18112525894
18014002720
15376564655
18071814773
18146706002
18162451926
18133035049
18033697073
18001126879
18937039636
15358981901
18949832720
18941016808
18112022585
13582420903
13346902475
15375070742
13305430153
18955386926
18133886320
18951910103
13373361812
18012500545
13349505638
13313140693
17737288740
18170601867
18912813238
15351352859
15345643423
18062013500
13356806268
18035814020
18031548717
18976148885
15387774952
15350164986
18052271811
18022694534
15306219721
15383266569
13350682669
18915208605
18032709692
18119947461
13313312316
18032913791
18039675027
18131620701
18946696705
15373815952
18936008152
18060460651
18955198939
18963514309
18123757369
17732279244
18171919757
18974898705
13383775431
18055456537
18152823981
15380140925
15339632086
18961061389
18915520257
18174085487
18919760789
13384194399
18170791068
18103331855
18912880235
13312001108
18010776996
15397938284
13353606240
13363665128
15383318442
18901592182
13315932851
13370965776
18951695041
15398101098
18998552310
15327484738
18020199990
13361118483
15390509686
18079710588
13377360434
15339612188
13335516553
18948368746
18136027535
15383622895
18179237508
15308660609
18137705868
17707906790
18170759034
15318293521
15324119067
18172769815
18082128450
18179824351
18134435125
13382730301
18120172852
18135003673
15391680833
15370502968
15382116873
18060051703
15369861008
15303657005
18956384543
18159405301
18168125659
15307220463
15386513455
18141196575
15312108853
18107153322
17733833753
15377568765
15370619126
18953969095
18170459926
18035569195
18121792996
18978303307
18949397476
15380781722
18972063692
18169516341
18969068700
18137270045
15303795901
13301568478
18021573936
17703181030
15320799205
14780664215
18132567001
15373253203
13342226630
15348108835
18027263752
15397769248
18174851153
18133205153
15327180763
15390212026
15349592700
18053145596
18031389115
15303637031
18178372902
18945291050
18030570233
15358477031
18171726797
15302813221
18931137161
18151315057
15386946736
13383317447
18912022693
18118315885
18027930907
18153044639
13317421251
18907674346
13349775386
13383833099
15315435383
15350761397
15369307760
18962807384
15358200107
18172353110
15373777286
18954601955
18005577803
15383336909
15383265985
13399531289
18097073457
18032258688
13397055512
15335375129
18062974815
15369919293
15393774460
15335435435
18118971314
18193614628
17771421770
18180747712
18948847506
18002435572
13337819581
18130427371
18923316561
15373375907
15330451889
15369302960
15388513475
15309655006
15373103967
13315736884
18744050196
18939014905
13371510926
18975713225
18955106252
15343110767
15369307937
18028319818
13315183334
15351216326
13303838552
15832676236
18965050334
18151249600
18074756802
18098778642
15382849316
18942312728
18131373606
17731216071
18943691810
18004542867
18014409202
18137713767
13382318623
18180082320
18979238377
18934910814
13356908683
15369328295
15392072208
13303408316
15399220129
18940100698
18000300019
13314209418
17713171139
18039286003
15343115981
18039298650
18153964245
13382651710
13360051968
15367523001
18191325238
18131376519
18175983761
15304592239
18013808837
18902799928
18034588688
15395250531
18174009101
15369167800
18087855683
18970951532
18979481339
15387743449
18003209200
15384804883
13324774370
13313390657
18939601271
18126510306
18029134547
18037824857
15369308722
15379202245
18162113957
18107320091
17786251230
13389610557
18079635708
13383014271
15315480312
18079300125
13323695616
18970931796
13315952270
15373622239
18175134516
13395341703
18173986946
15389126498
18154166362
15342353767
13323601160
18956922059
18032910418
18907948647
18031267522
13383877469
18935895430
18940600108
13304320982
18012334272
18048610163
13333200985
18041929685
13346538156
15318166318
18953816381
18827450722
18972742561
15328934233
13355411010
15303831980
13309627982
13339190315
13317705789
18055798915
15396768296
18943321295
18905165774
15350730890
15383632709
15380133582
18983110919
15315083770
15323699869
17712103934
13337857285
15350739382
15328480960
15310356214
15383332087
18174007026
13333291946
18132028818
15335980166
15371438292
15346025728
13383019167
15326223882
18903843663
18004464312
18056192762
18146723889
15396877818
13322181444
18190580566
18037178293
13309954400
15350259806
15312828482
13323225789
18098898848
18130197701
13302540887
18062933163
18163719505
18148935132
13177814950
13338086660
18176573752
18056054684
18955209992
15357264068
18021816676
18951356689
18001409064
18178911510
18037496496
18904201237
15324232088
18112911503
15343562128
18104903770
18983750163
15343110001
15386943153
18972125986
15343563272
18097860100
18135909358
18136590093
18996686279
13365026637
18061378067
13315989333
18032109590
15352200899
18934757343
13313182627
18105993596
18070490882
18945061557
18118321863
18925143885
18037453078
18915597525
15366697044
18986266945
18178250626
15392687505
18192810439
17705431665
18131374930
18056229535
15305245595
15383798796
15365002109
15343116632
13302774821
15369302763
18033886968
15327336635
13338865179
18118026979
18086509855
18156987285
18945218338
18216083325
15392876127
13376839212
18905486060
18935129632
13363235263
18151412423
18107203778
13303414836
13356701228
15343113519
18045200319
18075464307
15343110952
15358768668
15383778125
18070051008
18003204228
18996381239
15350735189
18126605820
18116721886
13342291003
18012085431
18988075536
18910200576
18135905338
18931177249
15343117162
18158861887
18103216129
18155145186
18943179381
15343113107
18003395686
18168145614
15379081086
18070685619
15343111136
13373405685
18903151810
18156402837
15386604455
18012238858
18000129789
13756261299
15366215375
18934010039
15343111231
18112820684
15369133520
15374599671
13382176816
15350735571
15343116330
15350200287
15350732502
18107540970
18062246379
17732197959
18032098215
18100336101
18081178386
18174083656
13393563933
18915877610
18921335621
15315487215
13321547126
15350736106
15366208510
18107160053
15350732139
18915531451
17732126997
18015826706
13315198521
13315733998
15303164521
15352308736
15380035066
18052515161
18015925099
13313113059
18937941886
15343118003
13347575451
18109578760
13323704698
18931158678
18190661457
13393301208
18171974460
18037276602
18903008436
15343117339
18108613519
18931177585
18012527266
18062152112
13373044665
18161296727
18051966388
15343117559
13333894733
15383339696
18814110318
18962062755
15343115966
18119953667
18119953819
15371516650
18152147839
13361306262
18915868766
15338080935
18906286518
18986733665
18146685845
18191125625
18075932296
13306145769
18011306657
18131133337
13317159413
13313465237
15350736782
18937015217
18151908726
13393230752
13315999967
15333295158
13389935357
18137119361
13331299392
18033703930
13339001403
15365087182
18963060520
15360277348
18095537904
18134107991
18078726301
18031822861
18131370729
18955038043
18012290753
18942580085
17707150553
18955161905
18955032221
15373828321
17717115504
18104866972
15383016887
18035125426
15383040295
13363112270
18032151252
13315197760
18942612233
18031175143
17703213376
15343118289
15369199292
18962483434
17731363052
18003960815
15383394889
18098696302
18932935123
17732806660
18033751933
15343111618
18033765670
18108465448
18131378379
13308489851
18032758868
15305165073
17771890965
18188374107
13338005531
18031365993
13339756375
17733799626
18001418168
13378045140
13363832386
18962718399
18032932228
15373907333
18115057880
15333294222
18031846181
18163708452
18907457377
13313314800
15343113698
13309622991
18932956610
18931195774
18032835918
13356309605
15343111831
18068763336
18960759333
15365184006
17731133339
18962040685
17714219490
15322954546
18170147548
18176574543
15343116325
18018030089
13337780517
18068952680
15369303293
15313732415
18979177185
18132626289
13373284825
18032100116
18021633978
18052733926
13347887970
15387172863
18026996959
18931177401
18974119194
13382061657
18150932366
15343117301
15369386666
13372250390
18993282283
15343117590
18001585055
17731188662
15325281967
18015806190
15303127289
18921659009
18931160987
13333044884
15383798559
13383110515
15324814066
15354498572
13310598230
13373984552
18164055023
18903197493
15076177789
18052515171
18102360045
15395299407
18954269218
13306120082
18935875382
18178502209
15398952164
15306122629
18031133565
15365718469
13397281434
18052544189
13330135703
13376310021
13395326100
15318018021
15358467214
17732822367
13372235201
15383932242
13325066357
17768378660
13371112828
18112896660
18931177787
13393112635
13376182925
13333386786
18012867672
13307164806
18000121201
18015099029
18032407918
18915720600
18070141878
15343117353
18994403764
18173719078
18185200187
18903276815
15389345303
15365545987
15333236337
13343012388
15343117107
18010965269
18071616618
17768383782
15365588773
13382820981
15340371945
13563417474
15312939009
18032230008
18037807827
18961655385
18905175280
13313463338
18031135088
18951218088
18952961707
13343371358
17714218356
15196347314
18931177453
18170967965
18068952360
17712202100
18133847191
15343111107
15343117193
18979870066
18082284074
18952577757
18903711412
18162605872
18032119828
18052973379
18150787879
13313042266
15343117081
15333926560
17731144991
18912883083
18183378727
15343875839
18118464543
18069828652
18049227887
15369163840
18904170353
18069115825
18129617451
13341362071
18996590446
18032403918
18031175288
18105301156
18151905630
17733858783
13383112791
18034538761
15306342355
18006246927
13373416058
17703312553
18901598811
18037469695
18032127239
18070149614
17768382315
15380912983
17732193183
18031194415
18034210666
18176347744
18103319033
18912025092
17768431612
13361380528
13317291765
18037705583
15370350817
13373354577
13331343330
18133847186
18979871123
13365183636
18170092103
18165850224
15305240878
18112499463
18986439470
17717127001
18979850917
17768383696
18962823108
18103319061
13338959530
18174085686
18913590187
15370403271
13383041847
18041428933
18994404343
13333563319
18955206755
15333227473
18012238778
13324481400
15383668690
13342483954
18132650223
18956853207
15360466099
18942313257
18904082310
18061745631
18191906425
18961440059
18034019000
15343117672
17706274836
18136367919
13315998272
18066191155
18068158886
18124171293
18951330608
18922352595
18112498431
13390708799
18103319051
18979474915
18037583175
18192087743
15303126978
18129380690
15339288679
13303590616
18994932553
18015119906
15365866150
18118827987
17719676026
13347796089
18034553200
13632262906
18906286500
18103319013
18170239802
18037824178
18936969550
15577192937
18178123336
18940000677
15130208038
18168552880
18151906292
18951226885
15340862242
13328023111
13386336737
18088601696
18132090008
15350735119
17706271315
18242256311
15933918501
18979878826
18920316659
18070546057
18961214739
15365157989
18962876110
18931757990
15333507799
15385589870
18912901992
15640158322
18199989307
15340809290
18137405108
13364309752
18154756056
18021765006
18070783182
15383667896
18051414445
18115077607
18983841610
18979439122
18904602732
18118462349
13384078119
15371390126
18962890108
15373012806
18961064789
18910859321
18940301163
18937177365
18118514051
18046611878
18932667301
18979876797
18110677641
18963846034
13333294664
18952750513
18032915001
18936405625
15383119868
15318544289
13340072973
15380083755
18113144343
18979878820
18913602151
18103965954
13341193019
18007063045
13373318120
18990149177
18052716644
13308029995
18979878802
18051656880
18015817360
18990879373
18040832260
13390782871
18000129532
18175827825
15343117186
18021202382
15333561166
18903516849
15388569777
18083039091
18136915088
18940400218
15366999292
17764522024
18921880880
18036068800
15335020856
18137321223
15373899399
18070473372
18168825355
18986591104
17733850565
15345573562
15383934125
18970418898
18032885002
18132610276
15303965311
15383226743
18103319076
13304541396
18086508315
13398623186
18998652127
15373908424
18115791932
18115174856
18003575981
18076003578
18086753700
13303123212
18180472257
18070473047
17712910264
18943648617
18953953807
17768358382
15350573688
13383771056
13393952090
18101485560
13315120017
13383018211
13315993701
18951521001
15351985089
17733841144
18032922399
18906147043
17733840365
18131106610
18030454112
18961211008
18979470630
18013449458
18979421681
18994835518
13343110765
18032873138
18007989800
18962890598
15979838789
17715027425
15383899521
18451878332
15350383639
13349951635
15373001103
18151900536
13323904235
18082129559
18994253551
18942392519
13331389520
18157945351
18101485861
18984024062
18032871678
18001596307
18979878828
18931052869
18052252065
18131106618
18130405309
13315155192
18079831777
18031837995
18070473391
18060487793
15377101920
15312935800
18076445946
18152396951
13388125623
13315772258
13315490234
15305387535
15380769676
18975567253
18061358653
15621546235
18073250431
15365124882
18951576605
13315295557
18068156068
15369271823
15365180069
18016715307
18979470578
18903938703
18132677596
15350533515
13382626426
17751145240
15303126859
17703215477
18993923340
18905064888
18061301027
15340809780
13393046987
18920148671
18001240943
18131106599
18001498766
13355289910
18937036668
18934688929
15382661386
13315458885
15339999003
15343115253
15371627262
18136739129
18055524482
18932425394
13314194411
18019677571
18914845956
18156041403
18909127234
15335002705
15383077020
15399594056
18937180655
18921820336
18962658923
13331258836
13363161399
18131155238
18131377069
18070042162
18029393607
17706275607
18996472542
18176663172
18980076627
18103217979
15305170844
13315455390
18031837992
15373212909
17703273165
18979871617
13393329029
13353463518
15350756756
13316115096
18971809939
18962875110
15305291239
15343132972
18095347287
18949362045
15399963020
15392668617
13672277029
13363892355
15369365467
15371374458
18180955095
18971418321
18155741802
18031266625
18962825688
18062987774
18601678806
15390072924
15380548525
18178925181
18054168832
18068777790
18103319083
13345428615
15376784046
13311525770
18112372741
18098681197
17768374450
18077721839
18951335018
18068500623
18037470150
18151280802
18103967074
18151321212
18979470695
13303004474
17768389005
13357827049
18031829090
18932390981
18168433834
15346516636
18114177816
18266267962
18055350031
18032220017
18089681117
17717110818
18137934490
18090578575
15324316129
15310377411
18035630159
18131106383
18921651058
13338081345
15343117357
18037730714
18071611899
17732136150
13578906246
18931905150
17706219421
18074502620
18052978916
18931651762
18189686171
13315549229
18993001297
18179821097
17702733242
13393318115
13304988020
18179824042
18137113107
15358299818
18014323906
18961172152
17731324282
15364951817
18951336198
17751423611
13315175519
18951333778
15373889588
18041819622
17768208598
18107069624
13303032021
18111363332
18040427158
18001550708
13328255054
15343111212
15358203908
18012286263
18078932825
18932927893
13346939637
17706274496
15350980488
18137904490
18962027978
15342917235
18090517901
18153984045
17704354340
18132127181
18068718183
18033752021
18170146071
18058058009
18003436238
13341286246
18041964760
15373918788
18193372163
18056251194
18143927399
15310294048
15343116571
18994532305
17768351306
18360550310
18943002120
18151272396
18914702002
13363818003
13389095752
15324460370
18937131841
18053427619
13363465508
18156444112
17751138816
13356635639
18118245472
18399947855
15366922901
13306298338
15373098788
13376299166
18905260703
15367243810
18912171118
18174085525
17768140739
13975279572
18071357075
15343111200
18625188408
13331349622
18033313332
18179764293
13303110377
18961179515
18951332118
18115274546
18065836535
18032012944
18980471732
18962042868
18001550718
15369307893
15343117005
18037184927
13399190570
13390603648
17751571352
18126885771
13304847742
18052500143
15350736518
13333111873
17731185186
18091048313
18033632371
15395618713
13368198088
13320142063
18168776788
17751031096
18948113667
18980322303
18007542128
15301461024
15351486486
18921651338
18073156229
13731760143
15343117552
18039351112
15357806463
15323506367
18032037779
15396857528
15373825099
18083066370
15365074443
18127159070
18912022562
17712087252
18970048573
18164111491
18999975399
13303563528
18052141653
18912229658
18993807897
18972631157
18970227171
18004701164
18156279336
18639813925
18939091280
18986619453
18163914077
18065931035
18912349295
18904787198
15369302065
18006385724
13347222162
18039676457
15331885552
13320905047
18012165889
18000122796
18120255749
18010859592
18912523205
18097853255
18931281577
18032807336
15335290339
18003850172
18179834124
13305482209
13315317978
15377117334
18913982607
18199910066
18012659028
18056561871
15358112079
15365242680
18065932761
18123018827
18120148717
13382285627
18018037562
18984782861
15383343004
18951337898
18941135833
18956080114
15303372171
15373950128
13303128821
18925926937
18949166309
18177885001
18188494329
18103480615
18001550118
15390743540
13303797078
18037188244
18055836626
15382222820
18066370102
18091380699
18936609066
15343117365
13381163582
18070540264
18275341342
18062843201
18168143129
18903576288
13362852683
18096082929
13359852154
18998548583
15380022295
18900543120
13341305123
18018251678
18082249946
15390036531
18786733915
15090526941
18071619068
17773816339
18931217807
13322304110
18939002042
18025751002
18993399646
15327150975
15372235752
18065331265
15726376471
18166313570
18970475068
15387471528
18128431970
18052120610
18012324448
18929104915
18169115209
18153983876
18052647126
18001500335
13363391663
18904434665
18134490308
18037383739
18103763423
18115192752
13339001857
18979878059
18086405886
18193552755
15365989597
18088864970
13333165167
15305439660
18113581654
13361785722
13337207466
18007996065
13363383372
18133400405
18038331878
18153359323
18962817198
18152412147
15340827323
13353635988
13316326966
18963296768
15383650827
17715129156
18932971190
18061795801
13314509197
13333382893
15370193812
15084661088
15350583960
18144240320
15373979928
13348550816
18912693246
18131373036
15371183868
15383660343
18000307813
18112336807
13363891386
18005585531
18012511778
17764565156
18098390407
13345533191
13380505979
15383366121
18949160581
13320085546
18962826058
15319847767
18131371070
18086435141
18173413637
17708494265
13373255276
18993111919
15386945058
13345961260
18962730828
18051345419
18134411120
18196648237
18196732396
15380113521
18001550858
18062104315
18166257206
15348143556
15347682882
18020225224
18949809237
13831104499
18993567495
18137856160
18962872385
15343117507
13333528407
18940893126
18180275671
18907167818
18097878253
13370164183
18179439640
18137447500
15334123805
18979936959
18983412292
18974121004
18134433371
18906520209
18003339566
15390600615
15377602542
18983663279
15357102230
18182262339
13361181760
18012079650
15350732032
15327168527
18119675233
18073954283
15373034450
15324565279
13388692791
13365740616
18123465357
18161363086
18016784651
18074891080
18994589751
18068866765
13302263926
13369575567
18979579615
15369588789
13352469766
18948938498
13398690827
18168686695
18013007835
18130191154
18935349354
18996418725
13327327949
18279865191
13700920694
18168821213
17732137026
13361547177
18113899537
18134259534
17714215282
13368034992
18181795359
15365117589
13348659261
18076170668
18033635182
13333391235
18013513333
18912637856
18012765486
18951808777
15315993673
18658280621
18107810191
15304166423
18170149740
18060905955
18170871377
18155279568
18104299181
18039629157
18146625011
18189575782
18174006806
15352113220
15369289943
13361615978
17734567529
13895070885
18603771213
18036497986
18032836270
18146686077
15330644880
18072569768
18132002863
15350737011
15303795723
15392841668
17714199197
18165031382
18903153183
18123716164
15728273590
15376372397
18048785543
18168131171
18101321848
18126850579
15322569051
18178635220
18115198285
15340876766
18979473526
13303600140
13330318428
13333931721
13388948037
15371351986
15350042080
18031675109
15346088127
15370225250
15311477258
18079609752
15373454920
15371894451
18905629632
15350388301
18946798931
15354117610
13394663233
18161033563
18980521663
15369306681
18152197806
13326413822
18168387820
15328919362
18940181463
18037756643
15351600120
18104903819
13333400787
18085876005
13336526799
18031175467
18019875178
18109498942
18994817777
18997006216
18970830010
18113563159
13386628536
18001550558
18926966827
15369307930
18903329208
18033804321
18074417666
18187106897
13367983004
18363739867
15394400720
15312758993
15347604298
18905990226
15308474505
18961168825
15339095529
15349333761
13349235787
18946750551
18032880560
17768370329
18075120743
18151435683
18901414876
13349877331
18039167028
18108064505
18972376326
13373936501
18014019912
13310113163
18035963480
18979036985
18173444346
13398996905
18112554737
18068756351
18068939890
18073987678
17768008488
15388513481
17712194636
15370090793
18098389234
18003573793
18013058649
18170608260
15370696871
18937773774
15369307932
13323957794
18131373571
17770036894
18979481340
18137127606
18122911004
15369321963
18192182546
13305602533
13398303870
18154285927
18973553950
17704060156
13707719600
13352919120
18133135297
18004844805
18986915638
18000127715
18189574232
15369376884
17755091780
15343563323
18939690448
18013051608
18907989420
18942090767
15394691699
18115739329
13331388853
18058368796
13307905918
13382800686
18101549391
18160115870
17768402041
18137622538
13305033035
17751534121
18945627889
18900733640
13301412088
13315145930
13308207350
18178328591
15350732131
18068378979
18982281543
13393986024
18052336152
13313127321
18994479046
13301500139
18061876664
18019836550
15351866660
18021806799
18146722704
13303993501
13372031876
18070473773
15358732016
18940400533
18156851807
18018918229
18079424099
18034337296
18076553362
13324449066
13304713519
13323716485
13383131353
15351281575
18901217436
18070115876
18035024908
15349157006
15395123389
15333299998
18931177641
13338119251
18020168182
13331022832
13377182086
15359323043
18994062952
18003925571
13510918824
18951035738
18118270335
13347939696
18001550828
15396751837
18039699027
18009532834
15131174977
18056027327
18170219121
18915425906
13331612970
18055510182
13333629618
15303618586
18014661988
18986619632
18907612119
18032873373
18028574025
18056215156
18096213816
15367527937
18015239117
18156401605
18191248240
18039695924
15301570081
18955630188
18179051933
18151909036
17764512276
18031260810
13327768990
15343117203
18151905315
18076395503
13375150954
13382848282
18012891858
15311454118
18088680418
15318983232
18099096067
18912761441
18973495587
18051376212
18951817130
18114195729
15360442897
18124207709
13364460628
15358739779
18093548135
15335110565
18131374959
15367990218
13314713898
18013116986
17712500315
18021379192
18971774338
18913125361
18175287970
17768388501
13397281806
15373970395
13339972901
18068865021
17715025237
18180141896
13303612105
17732168891
17748053301
18014302705
15373949679
18179436218
15358280284
13321604761
18188328806
15343117610
13343777859
18973926373
18973882173
18940400769
15315358081
13382067359
15383233553
18978028742
18970847259
15343113712
18119567816
13333041411
15343111433
15383667774
18033534455
15349609598
18180136988
15343117971
15318935092
13350025649
15369303365
18919347955
13317286060
13343127555
18608388774
15366599099
18912901515
18094171337
18937000927
15343239855
15303127269
18196408570
15303464279
18072957277
18162344061
18172003231
13383191039
18031114564
18175604508
13342471797
18110960903
18000525514
18906386844
13356786938
18003853028
18032893582
15383212881
15355127147
18151909252
15350733251
18031926297
18994479344
18163913366
18103581798
15343110897
13395261159
18055730952
17732378689
18015508812
13326562806
13373116656
18929234877
13303861672
13393016220
18146681687
18068440272
15312935518
18052201997
17771438073
13385481570
18996231528
18118307772
13367815231
13348818286
15350732598
15364617103
18132466092
18012238518
13353104456
15367892512
18901419416
18951332959
15373081335
18994666990
18136940802
18126070087
13361125265
15366652776
15315981993
18015232955
13337862952
15373419335
13337121600
18065056953
18970951145
18132180068
15376370555
18170271652
15343113530
13337974541
13339272796
15050986130
13327732062
15366106134
18132646282
13305440994
18903069423
13333408890
13363859368
13311035089
18051915350
13338667186
18986186190
15309912569
18962896198
18020165581
18921855930
17712198597
18949348728
15328393432
15303293823
18151908971
18033751201
18119315162
18935295416
18032728955
13319488744
18036500933
18069733182
18151900416
18048803958
15350730931
13396493933
18012672474
18070471037
18078778262
15399967873
18912074039
18870348870
18006246512
18094562390
18193927783
17751789130
18962486661
13383315435
18031279717
18994478403
18979473997
18132212999
18142687176
15370616168
18009923081
18089476010
18951336058
18004429511
18081611773
18931196585
17751570468
18112331537
13303152624
15339579871
15380522061
18143091185
18115251377
18068939915
15350578450
17701483241
18962489846
18064084326
18173591323
13380283558
15380539673
18362495557
18114357016
15337120720
15369704632
18904993010
18943346136
15365701408
18181574269
18077270495
13387172830
13328718180
13304041803
18052604396
13329755278
13373349574
18131373392
17776374686
18931177644
18156061428
13332289110
15350400795
18071412335
18194301878
18166887033
18066158318
18163007906
15358768558
18947738655
18146700323
18052128543
13349853731
18136067515
18119952159
18122554405
18175889646
18953862019
15387501887
15335140896
18931543766
15321758663
13331573123
18922095370
13313311360
17768386332
17768377237
18047000630
18167975490
17701326609
18971030780
15386058523
18036983966
13395362099
17732307123
18073122999
17732802578
18952743366
18962829568
15343116312
15328647955
18955475875
13398616333
18037466768
15346372891
18962483334
13353834501
18080916691
18046726968
18132180189
18013808839
15386291746
18901490161
18166040756
13393326938
15380168917
18125085808
18152239315
15358131550
18137370251
17715305572
15383299918
18037363108
18931177383
18052320212
13323887990
18035846969
18086468817
18143300895
13358056735
18954527303
18119309847
15309048283
18942339867
18931177228
15372396638
15343119907
18904110576
15343116306
13371036377
15327765347
13357884887
18012000649
15387354152
18177531508
18962810308
18039115657
13303172348
18921121322
18023888501
15383747878
18031200799
18961280528
18978092495
18130161295
15343117072
15312573731
18169475026
18032422281
18935208779
15319922440
18962028844
18035824045
18086459835
13349332073
18128462529
18999456633
13383209828
18072499811
13363839160
15369302030
18955969220
13342265022
15392668556
18020128137
15312663911
17732307562
18107952180
18117725205
18031171917
13383237296
13353823697
18068705290
17786251227
15380665197
15383333170
18981601500
13373010066
18176540050
17768388185
18130073521
13349330843
18943133266
18084387756
17715010841
18000125636
13399099709
15373918688
18915859242
13303062717
18068761689
13332282052
15369303933
15333091691
18101579699
13396395227
18033753567
18039330805
18055551415
18156833050
18143362756
18106996569
18032020711
17751599826
15343117892
15303592056
18983249206
18919199701
18932937223
15364172266
15380111980
13315459855
15343119906
15398227287
18034345501
13303119108
18935197964
18071227837
18962850987
15306187036
18013523061
15351526802
18904110578
15357375928
18031111237
13376231527
15303127171
18041132535
13333336867
17768664591
13342294006
18951638502
18932941023
15350735727
15339901769
15369110008
15366479866
18019607972
18020204373
18932317006
18132627266
18041152625
18005809658
15305266369
18003705595
18004264319
18041130937
15383245757
13333903265
15319287336
15383898382
15315696574
17732129610
15093785553
13331379712
18033790506
18067952807
18131377169
18184567095
18914775320
18048071698
13342294269
15345272408
18142651176
15343113158
15343119909
18153875740
13390066650
18940895900
18985790257
17776122515
15309038692
13391579186
18032977786
18149460311
18957986695
18936912506
18111257990
15373026134
17717730527
13373110545
18070473863
15369303119
18062946552
13373922896
15335242804
15369327593
15333118856
18931217709
13333810429
18931374110
18103319053
15383668767
18906374099
15373974802
18940897479
13336255079
13343045946
15345603713
18013514389
18032892958
18940997417
18912221926
18940998086
15333216022
18056750173
15364839564
18037307236
15350576685
13333708487
15308284443
15303212926
17703930655
15373858169
15351622028
18903279969
15343709808
18178895863
18982702853
18937158334
13905529537
18930735338
18037190539
18039971011
18032798913
13470420413
13363800601
18046805178
18056459602
18068897939
18037054858
17712386743
15343115677
18193403458
15343112396
18189581941
18904269522
18056641985
18924242275
18131111189
18186975161
13376188613
15391566800
18081579753
18136000292
18904118346
15365424568
15327911621
13373236649
15343118073
13365283881
15354446319
18120582959
13391689161
18106232202
17712113844
13337699073
18931177682
18031195149
13342298385
18132163356
15369307867
18932777217
18032497196
15333318884
17731133328
18151901467
18999070484
18940928189
18940928770
18166004739
15303126275
18115235599
17768383239
18066012799
18114091796
17712119871
18003769011
18081928304
18064522184
18064273122
17768379130
18912517319
18973259037
18112082265
13393035949
18131370447
13348180027
15335128653
15383333648
18104230039
13337317378
13393316433
18084225302
18039360450
18935797786
17768433270
18926342157
18951114607
13153698002
18979472169
13363801606
13394819557
17733839363
18086528021
18115011125
15251629656
18021899900
15333797858
18146680632
15366044886
18947120096
18179804969
15343117105
15305150324
15358164487
18010970851
18068939878
18084928297
15364666308
18931177586
17751458515
15373770723
18185508078
18086529163
17707443378
18129910765
13315958909
15343117259
13364712276
18151908613
18041151038
13323715608
18009583025
18177508108
18023875813
17732813126
18153984273
13338135898
18940400693
17732191123
13373414655
18074537397
15388389765
18037642258
18058402251
15302960360
13354284738
18018986928
13303049717
18061890701
18921652928
17731117366
17714003824
15343110960
18923520308
13356600800
18093408027
17768204356
18936243236
15383067673
13315466066
17770038461
15336731507
17706276590
15817050137
15335128312
18950855430
15369301813
18104990418
18068512585
18032468288
18058303304
18912286078
15381111663
13315997100
18132683567
15380632887
18855582968
15326661318
15370857650
18137043366
18909672779
18013627864
17712605098
18912472090
18952129700
18131711366
13333466047
18120153631
15387763392
15327572449
18031232566
15380635138
18007452076
18377335100
15357161367
13315451576
17715310021
13335214442
13340076510
17715310020
18114926866
13383311102
18941140606
18939253180
15383714074
13349495363
15329109193
13383233905
17703207012
17721728309
18079205195
15326228750
18132003335
17768648713
18007892634
18167516595
18944967050
15354919923
13373944199
15369238119
18940067337
15334618485
13309356233
18919067320
18168945302
15366510035
18070711442
15358781970
18096558786
18911938445
18939672109
15380129114
18032186747
18158895864
18068735674
18995096229
18015604150
18115275678
18061613645
18112879321
13326391972
18183024040
18006305003
15330473187
15394234959
13436211360
18198851507
13369512199
18130602167
18033777687
13317060667
18103975973
18013825510
17768649301
18103908311
18128529512
18174809162
18932817610
17715310003
15369337822
18037587975
17764582542
13380726201
15343117516
18136485965
13304097177
17715310025
18951882571
13322212632
18155718502
18986740213
18037378288
13313040355
17715310007
18903273789
18135730892
13338189713
18031168336
18974776976
15369302236
18946068576
13331363136
18945957236
18903277328
18937632989
18056323680
18151761631
18136482965
18935273188
18060049618
18936914637
18032133572
15677414229
18199284247
18063002144
17755430711
18079012690
18998484107
18179487610
13390650075
17790076054
13328037665
18912837896
18157100506
15343119023
18981864789
15359928779
18005208171
13384313036
15396980986
17715310566
18051314572
18151909083
18978282545
18128440888
18903277773
15380917122
18032415274
18012511052
18132607378
15358556508
18956682025
18156201102
13303293716
18923513143
13309100434
18179426374
18912001521
17715310110
13323755585
18168041798
17715310278
18939355433
15369196367
15380636318
18079612141
18014938217
18175823730
18119539054
18041155142
18000124932
15383808695
18132002202
18131700111
18079421494
17732130303
13323712127
15383790104
15333958001
18970925541
15343118869
13375460757
18903278781
18961433939
18034102518
13333972069
18952592185
18137963529
18935263070
15343117031
18074424123
15312664423
18098431610
15373437892
18137043688
17768380067
17715310001
15373874556
18979896718
18912332256
13331350828
13319407392
15289572585
13365229709
18070493697
15343111230
15391124118
17715310023
18986498389
15373116965
13343149975
15333507786
13358956180
13663883293
17715106544
18183396258
18090448760
18977501935
18083600803
15376636966
18963415583
15358361662
18034521614
18931177597
17732673833
18080275847
13385037238
13383261882
18931173297
15337191858
18903277345
18131371972
15340532891
18137917060
18177673006
18031809877
13390439810
13353566897
18015104578
18908136202
18174571226
18050120027
18136645280
18031146894
18166091665
18912895018
18075314585
15343111100
18112701222
13323917154
18931195166
15347899775
18042837377
18061180895
18032091202
18090561530
18935161880
18031722789
18071100390
15383337791
18951733252
15358396799
18903272899
18914636767
18962106986
13333454247
18090857593
17731385213
18131125333
18979878355
18047153891
18931063792
18996184347
18133630541
13303704969
18073775861
17701568595
13387255876
18079487347
15359410559
15332912117
13315102070
18037338851
18903277322
15374547244
18940902465
17703214174
13382528545
18036234858
15369303775
18007804496
18931770966
15383330005
18006470069
18961858739
13358213665
15378910027
18955337119
13327592818
18111710987
18112343665
18037468373
15342360402
17771889928
18131375595
17790001927
18107666345
13340678230
18014084757
18095525165
13373618294
18903277958
18042683689
18991811203
