18928938932
18179068959
18903650426
18931217660
15383200035
18170605173
18904122199
18170626508
13379433895
18967540086
13315219621
15303127729
18027216011
15373220817
18194256166
17717172929
13313029598
18904991003
13319578190
15305515195
18903270978
18903277027
15373220823
18170874229
18928726402
15373597910
18068797815
18905058777
18109449760
18115180121
18939506643
18178059901
13377695970
13378490230
18039318884
13322017520
13349600377
18938633217
15388304602
15303127197
18186868483
18132303178
18903157264
17705380506
18144892580
13333829636
18003227007
18903277969
15303127576
18170013936
13325034831
18934889840
18136613485
18931177692
18903270616
18912595368
13331204717
18106935096
13303122262
18903277972
15004688684
18940400677
18037198031
13315112708
17702219066
15303560661
17707959903
18931177928
18172345651
13352495056
18037140650
15343116702
18903273696
18922488898
18032400036
15343117669
18168013537
15347879212
18124203349
15350735795
18131111161
15343116680
18031151767
18131136668
18136223006
13393223123
15315014545
13388537000
15343117753
13303211660
18061741923
17721014917
18032882456
13323663990
13430288110
18133847176
18032428866
18107710867
18931177165
15343116596
13343110111
15369322070
13315960549
18903277188
15333175766
15343113566
15343118896
15343111033
15343116650
18133847025
18164002281
18032871345
15351831283
13315198989
13387750023
15333222726
18131185110
18939082011
13393044519
18904120909
13306328172
15373005660
18904122591
18190505357
15303126008
18990213563
18131375742
18937120132
15343110113
15366426305
18903207675
18946364952
18940400269
18037365255
15343119373
15343116737
17731117970
15343114441
18032881288
18032688699
13333856620
15343116689
15343117675
15383713026
18115170523
18032900550
18039292493
18931177467
15303296658
18169351359
17732123518
13315965085
18904110386
15369382037
15343117626
18032407495
15343116657
13378184820
13343983304
15383024523
18074591648
17732123266
18931157858
13324239178
13375389959
18080051236
18131183889
15343116705
15373071092
15386452377
18052212190
13373020629
18306876533
15369303321
13321289755
15343117923
15380340623
13306222247
13305326317
13315292005
18931177531
15383113766
18903129206
15369208885
13303030011
15310448120
18931177500
18925167025
15343115221
15343111680
15373893344
15343116393
15369321639
17731116672
13393370317
13343010806
17703311616
15343111008
18903277332
18912313019
15343111682
15343117685
18133828728
18032839668
15373959996
17732857893
15333229929
15343111685
15343116502
18908103015
13373528651
15343111108
15343117989
15302062595
18032139257
18133847160
18979435828
13373522352
13327442332
17751750870
15343116375
18122715622
18037140489
18903272377
15343116396
15343119397
18903187331
13373343450
18011736326
15343116512
18904280196
18120622622
15343110329
15343115860
15343111663
15343116383
13331381444
13315771578
15343116627
15373627325
13365256834
15383337379
13333674373
18130085007
18122715674
18031853669
15383796374
15343117657
18151446515
18031446676
18131375795
15343116682
18931769866
18937673195
15303905273
15343111430
13314051107
13315168228
18911620185
13363835633
15343111399
15343111699
18020223915
18931177442
17709540423
15343117950
13371007121
18133380633
13313565399
15367175870
15343115868
18931217806
15396626956
13303716368
13333014000
15343116510
18943190301
18155219529
15303987890
18039923993
18032174860
18079075541
15383836333
13386399683
18031279969
18032260362
18931177163
18931217737
15318885290
18131375782
18070061682
15343118193
15343116619
18959990128
18131375781
18173508336
18924240424
18120695987
18931177780
13385657201
18914453921
13835647107
18931861175
18906374506
13346928342
15343111681
18103822282
15321270832
15369305682
18906468278
18979073733
13322337471
18931177287
13346948037
15392562910
15343115189
18037140339
15343115153
15343116693
18031867678
13363843055
17751779165
18031178819
17703310199
18935271728
13343718701
17713816774
18931997890
17717111123
18032836113
15369301770
18924239487
13323713885
17703211171
18924249270
18931849399
18934922569
18903277717
13315990898
15343116685
18940400379
13375277945
18107406677
13323826775
13358587555
18913541110
15343116703
18932585700
13363085150
18963229936
13393311911
15343116709
18906374517
15343111178
13315963625
18908511114
18903769349
18155373765
18148761874
18122702213
18931177624
18055479782
18912139756
17785111898
18931177045
18156256623
18142651170
15343111053
18066790715
15343110580
13308079697
18931985767
15343111158
13363680811
13333986021
18133847024
18909070214
15383993262
18186535867
15303219985
17717791789
18146721930
18959861621
13398377733
15376217766
18132072997
13305327889
14730487756
18186536959
15354442688
18064092218
15343114211
15366767201
15395425915
15369305978
18032923303
13622028972
18817498138
18903275567
18925112822
15343111163
13365190430
18135636370
18132219843
15343111676
18132011456
18032881299
15343111195
18131373235
15343111173
15350730578
15343117732
15343118017
15369305872
18903103575
18170660245
13343763745
15350738015
13380351580
18131375736
13393212977
18946560113
15343117975
13303988081
15343118111
18131376535
15350730997
15303126072
15369307892
18131375523
18103902271
15350730306
15350738305
15350738036
15350736387
17717791991
18131374941
15350731659
15343119712
18131377832
15357285098
13333375628
18131374265
15350738007
18131377871
18077928040
13346927087
18032665775
13315174441
15364714241
18131376212
15350737201
18131377539
15386278285
15350736690
18039927127
18131373796
15350738035
13349933127
15369308068
15350738235
15343111368
15350598989
13363805466
18133847175
15350737525
15380398910
15354417069
15343115836
15343111169
15369305672
18135662819
18039935893
18131375581
15350738371
18034559996
18131375843
15369322206
15350730902
18931177510
15350738665
18131374786
17734568678
18131373767
15369303151
15350736783
15369326211
18131375253
15369328297
15350731516
15831375998
15350738356
15369328159
18131373631
18131376812
15350736376
13363805467
15350738010
18981844821
13393213116
15343117560
15305350992
18131378546
15350739105
15350733880
18131374061
13373964465
18131367747
15369305293
18131371363
18131370756
18131377525
15303126332
15350738133
15369303207
18164155911
13383272379
18131378152
15350736070
18131375265
18131374931
13385772255
18131374642
15369303225
15350738659
13331377949
18131375360
15350736592
15350732990
15369302326
15369300637
18170120433
15369303160
15369328300
15369305805
15369301902
15303127773
13313041669
15350737893
15369303779
18906374525
18131375601
15350730369
13340294578
15369307898
15369330789
18131378376
15350735680
15369305369
18131375846
15350738135
18131375067
15333223435
15350739659
13315136988
15350738132
15369302057
15369303150
13305126360
15373003070
18131376279
18931177603
18131378273
18131376412
15303127013
18131375132
18903271179
18131373732
18131378270
18131373683
15369305797
18158583133
18131377380
15350732600
15350730621
15343112155
18131375912
13320908065
18131377383
13333216161
15383865237
15350730095
18931177545
15350738253
15350735780
15350737079
18131376751
18912074537
18131375249
15303127191
18962529550
15369305290
15369305791
15343113535
18131372621
15350738390
15350737617
18131378315
15350738173
18032890335
18131376930
15369306508
18131374923
18032891012
18080501025
15369303569
15369305719
18131375942
18131372182
15350736790
18131372402
18031173335
15350733893
18131374479
18131374075
15350730316
15369307889
15350738330
15369327587
15383719115
18131371415
15343111186
15350733885
18131376593
18131374949
18038332611
18931375333
15350736229
13382306807
18131376872
15350732622
15350739235
15350738380
15369303389
18132665777
15350736058
15343116386
15369307753
18131378790
15369328137
15369307698
18131372007
18133847192
15833498931
18131375847
18131371996
15350735710
15373457050
18131378501
17731027723
18131374240
15350738263
15369305523
15343116503
18131374926
15350736037
15369190431
15350733066
15350737899
18982822116
15350732625
18131374126
15338969766
15350738661
15350732125
15350737786
18131372735
15369316850
15350733655
15369302360
18031768688
15354020404
13323033508
18903504447
15350737068
18131373682
15350739060
15303126073
18131372573
15350739660
15369303193
15369306690
17717115515
15297319257
15369305518
18021301082
18056255393
18131378265
15350730399
15369303718
15350735512
18131371642
18031128996
18970171282
18131373632
15343116336
15350733732
15369313623
15369306809
15369306235
18131374860
18070490776
18131376541
15369307795
15350738169
18131377437
18131373802
18131373787
18131373250
15350731072
15350731375
18131376189
15369303251
18994103589
18131371975
15350730185
18131371785
18931850396
15369328172
18173529829
15350735170
15350736195
15350737782
15369301258
15350737898
18032172631
18131373560
18130263802
15369306679
15350737895
18133847032
18131374405
15343116729
18131376405
15350736083
18131370401
15369325292
15350731627
15369303752
15350736998
15369303815
18942294655
15369312889
18131372430
13315093869
15350730855
15369327398
15350733631
18131372440
15350738876
15369303166
18931318255
15350738655
18979775582
15343117570
15369326227
15369301371
15350730867
18969691747
18131378286
15387788677
18032002188
15232369609
18054088129
15373677186
15369303720
18131378097
15369306672
15343111677
15343116731
13343047358
15369326192
15350737897
18131216855
15350737902
15369302902
18131372429
15369303252
15343110919
15350731033
15350557485
15369332931
15350730673
17717787866
18131373436
15369332962
18131373746
15369302317
15350739503
15369300998
15366753697
18037696557
13367901775
15350739065
18903273193
18168021736
15350739512
18131216895
15343118106
18031110680
18131375447
15369305287
18131371645
18942300747
18131371487
15350730638
15350732676
15350736950
15369307831
18131373679
18131372410
18055522639
18176598936
18131376416
18131376895
15350739612
18131374005
18131378425
18131373486
15350731291
18931083531
15369316076
18131378139
18955890192
17732855006
13331670072
15383069015
18131374843
15374282440
15369305868
18131374109
18131377550
18075068365
18133847193
18979775616
18131376201
13315964016
15350739510
15369307812
18131371706
13340999715
15350738396
15343116509
17751112382
18903464639
15356569498
13325997015
15343115665
15369329381
15350735138
18032177773
15369316185
15369303100
15350730362
18983525004
18131377542
15343111168
18131371949
18131372562
18033802628
15369302975
15369307873
18932535631
18131375963
18131371809
18131377541
18131374832
18131378086
15350739668
18931999168
15380327968
18170628318
15354443563
18131378129
15369307896
18953262883
18131373343
15399327687
15383315218
18131371667
18131378115
15369331102
15931555898
15343115202
18131372487
13363110090
15369307255
18131371471
15350737877
13363771726
15373680969
18131377516
15383660502
15343117696
15350739116
18131371846
18090770207
15369305598
18131378293
18131371840
15369309106
18131372442
13331256686
15350735671
18128380692
18131375310
18131372052
15350577997
13383822889
13350560103
18931978653
18032012571
18131371761
18174511210
13341277442
15380377364
15351736335
17731189792
18970119858
15303178281
18131375635
18131376896
15369301073
18131376423
15369303756
18131371021
15369320850
18942204529
13355607027
18132783060
17755715695
18131375406
18131371851
13503337369
15350739511
15350738129
18131378751
18131377167
18131371641
18131377865
18070047649
15350730889
18131371820
15350735911
15369307870
18954383335
15343111196
18131378782
15369307280
15831830155
18131370502
15369327519
18055524653
15369301607
15369303757
15369308153
15127265636
15350739502
15369328016
18131371826
15369308782
15369306712
18131378082
18188265454
18832350698
15350730161
18931151626
15323803685
18035804687
18131372817
15333175731
18075090840
15075208742
15350739200
15369307206
15350730879
18131376586
13315309887
13383250425
13323048021
18181362767
18131375383
15369301892
15343117579
15369307885
15369316806
18033800833
15343111021
18932788822
18931188955
15369303789
18131375869
15350737210
15369322122
18131371803
13367883959
15350731381
18112919109
15369328192
18031771059
15369308200
15343116715
18131372309
15324270895
18056131225
15369301987
18131370440
18131372569
18032227808
18903883888
18131378491
15369328152
18131371815
15369327959
13315747564
15373116355
18131378390
18131375402
18131374730
15350739162
18131370387
15369327906
15028600568
18131373997
18131375870
15318706519
15350732537
18031264566
15334673840
15369301670
18131377441
18131371693
15350733910
18996252043
15380371804
18131372605
15369303936
13305265561
17703218976
18981839593
18131371646
18110885836
18131375342
18131377581
13343709697
15390863034
18131375247
15383208929
17732154199
15327977617
18032290001
18131374271
18103311233
18043762064
18066037687
15373428880
15369303318
15512575636
15350730866
15397568451
15369303725
13363805488
15350735985
18051589120
15350738878
15255050884
15369317323
18939042225
15369326529
18089324335
18168455119
18131373776
18962098469
18924294423
15343116532
18031915598
18131373783
15308034921
15383043299
15350738326
15333325633
15369328006
18131371843
15343115233
18131376879
15369306552
18131374845
15369302060
18131378871
15350730516
15350733895
15354133220
15343116506
15350731806
13371336518
18903277355
18131376582
18107819220
15351924882
15350738020
15350736003
13333377363
18905886198
18131376875
15369327930
15369303801
15343116683
18131376560
15350739679
18178940834
18921420734
13084568505
15369306656
18131376115
13394703493
15343116505
15343117156
13327878175
18064117167
13308593494
18131374863
18019816719
15350735952
13283313114
18131370891
15333302427
15350732091
13377355124
15350731069
15369302126
18031135421
15195962077
18904921566
18137434789
15369303097
18131372356
18062506477
18131379212
18131374457
18131377803
18131371690
18931177494
15390416090
15253560712
18010851968
15350730398
13320473933
15369303080
18151620065
15350738076
15350735707
15350731132
18016678192
18979771778
15350735689
18131372706
15398258523
18086524520
15369330735
15350730108
18131376283
18032267925
18055167511
15350731363
18112687190
15350738026
18982925181
15305243050
15690429965
15350731107
15350738770
18150080109
15369303060
13316382252
15343115521
18131374217
18131375903
15350733908
18931177623
15369327730
18012059735
15303318989
18022204611
15350735851
15333809856
18032202687
15369327170
15380550335
18970814883
15350735982
15369302331
18001443676
18058969688
15369306022
18936718363
15369322951
18172309175
15350737792
15350733268
18937510727
13392321596
13350083680
15369321101
18970722254
15350737998
18045679015
18994610801
15369303290
15350730296
15343115771
15369305109
18131372339
15350730211
18003376915
18018471158
15369303957
13324068260
18131378475
15369327366
15343118062
18015570582
15369322587
15369305597
17733831063
13315778550
18979471636
18983312813
15369307883
18131376293
15350737801
18196697813
15350735867
15350733906
18132080912
18086796960
15369306863
15369303368
18012624331
15350733938
13294052775
15369305620
13382830678
18117908363
18042450952
15369303793
18131374101
18131377563
18131374381
17733851657
18132295224
15333121050
13398210000
15369305605
18131376546
15343116961
15369308298
18105134628
15335325717
18995186652
15369328218
18045735525
15303925664
18131372165
15369302102
13331286630
15350737835
18903554684
18031343819
18924241721
18131375429
15350735891
18912322335
18170141362
15369302881
13340994083
15361970896
15369333530
15350735326
15343118192
15350738031
18932771678
15369302506
15383225558
13355086304
18045678079
18131374683
15383802878
18978989893
18181990891
18932665234
15350735827
18052378786
18975748525
18134070021
18955900562
15350735068
18971027796
15350737872
18095340330
18131376993
15369309887
15369327523
15350735036
18131375562
13363675944
18905501106
18037466370
18131371643
18903399687
13324293820
18952513979
18924296279
18979775736
15350732686
18131377732
18955029545
18039301363
18131374673
18107006416
18903738381
18007211098
15324013663
18004527718
18011885842
15369305789
15369309881
18131376576
18900876167
13383296653
15345124813
15350731035
15369305617
18179867765
18976199774
15369322230
18019589196
18131374121
18131374107
18951063607
15311421107
15338843100
15383244991
18974025370
15369305702
18131370306
13363093974
18131374097
18131376575
18131377193
13315181234
18131371603
15350737295
18979775605
18079776292
15350735706
18133847022
15378555473
15369306779
13303324114
18012563173
13377420060
15383244773
18935308337
15350739319
18131376241
15350735968
15308058040
15369320169
15350732355
15350737019
17719714699
18146615070
15369331509
18948668529
15369301898
15371859868
15369308028
18039228320
18013906004
18100322577
18912162856
18159229922
18131373630
15380436598
15369327130
15333118889
18131377873
15350732205
18963336656
18033777709
17715027257
18011971374
18033851209
18134750188
18052202591
18031396627
18131377113
13373514817
18131376952
15350738172
15350736838
18048604712
18093918183
18131375821
18131379253
15369319570
18131376585
18131375823
18955564788
18160163382
18107295022
13313314407
13333116683
18131373943
18131373957
18915723319
18131376372
18118520406
15383899299
18131372141
18132282199
15369327127
15350739083
18942327790
18924244920
18131376239
15369306560
18931722163
15350735575
18131374895
17702030096
15369308021
15369305392
18943693916
15388518202
13302268823
18011921322
18137051448
18963503430
15364569804
15395585383
13337593350
15369321681
18932216917
13383200270
18002295009
18148793755
18131375292
15343118170
15350731753
15343118207
18078847834
15383336675
18131375825
18131375596
18082023397
18131375840
18910617860
15350730032
15369305735
18130102860
15369308026
18014818600
15346302908
18118157387
15361775749
13333873737
18951261789
18032689518
18925064580
15343112899
15350732353
18932925950
18014808068
15369303727
18131372315
15373115898
18118985394
15369120770
15369337250
15350730329
18231031593
18131155441
18131374681
18156563373
18113784398
18051898674
18004803965
18015992452
15305241468
18131375809
15303126280
13330807189
15335300406
18137960897
18131379106
17732832207
18093198188
15343562138
18900311586
18131372313
18032695782
18967157683
15380385256
18093805509
15343117280
15350736731
15350737092
18131376049
15369305283
15350732572
18031868253
18056044670
15369327750
15373525840
15366908553
15369309721
15390431163
18156495226
13363871844
18131373917
13359905925
13314524748
18927921901
18131371825
15369307105
18131371229
18037024223
15387088846
18932520937
18025444242
18027405380
13315709030
15158141037
15369305026
18926291836
18163186774
18177550031
15350735197
18046722090
18173800561
18926149057
15369306781
15350731609
15360055025
13333461773
18159396008
15369064416
18090833032
17756636331
15369301887
13973164153
18124209266
15370406119
15373686860
15366217408
18939424221
15350737632
18009648233
18131377075
18063090455
15350733882
15373231551
15350736973
18078411392
18032114495
18943605513
18098605713
15383133308
15303127758
15369305066
18031107478
18046558443
18903267869
18983767089
18131375202
15369322581
18173458612
15351433641
18131375070
15359596903
18002291156
15350731256
15067394068
18131376517
14718242183
15313339350
18500644030
15343111052
18174007060
18131374461
18131375831
18083793922
18131372106
18958922221
15371619626
15369307183
15369322685
15346161921
15369326935
15369305020
15350735718
18903215389
17732808470
15350735196
15373085060
15350737963
13370999300
15369307179
17732827740
18087179181
15350730510
18010787539
15350730503
13337520523
15369305697
18114596017
15369305051
18932729897
15358915559
15369303932
15309505778
18161000198
15350736566
15385859891
18924238261
15303127299
15369307173
15350730628
15350730086
18131373307
18131376070
15369305318
13324784031
18096601068
18015570652
18994396704
18131374821
13315120644
18931188559
18046632595
15350733790
15369305698
18974453629
18015758957
13362052639
15366427807
15334134404
13329258119
18039308311
13389301084
15333122567
18131378052
15350738215
18932193553
15373367503
18055051192
15350735893
15369305683
18189877865
13390846781
13383260312
15371579609
18131376103
17712323113
18078736435
18031835708
15357356692
18112918786
18980295418
15369326928
15369305700
18131376106
13352847617
13315069165
13831192063
18131372296
15369307169
18039206206
18942316086
13313132109
18131378036
13338619090
15343419291
18131375275
15369301870
17707965592
13323021133
15369307191
18132188298
18110623682
15343117330
18131374827
18018127085
18032860869
15369302851
15369305057
17709212374
18169582306
18055345679
15350733860
13315205688
15350737022
18949504996
18939049208
13303304898
15369307162
18955858697
15350735383
18070152988
13361673993
18131378041
15350735617
18131376086
15369326830
18900529287
18961153807
18954416579
18962423546
17703986665
18915418253
15386654511
13313463580
18946919508
15369303739
15369308219
13331552380
18931696836
18131377892
18131377503
15375611539
18003520186
18031733303
15350731398
18131000293
15369309315
18037243304
13352810443
15369308215
15369309873
15333027604
18092018207
18131373562
18937133793
15369322150
18075221765
18138782558
18131377515
13357855305
18131374831
18975135973
18131376087
18031103499
15350733785
18943181286
18133675200
13831307741
15369308211
18281596259
15369301627
18951405673
18131373667
18912623424
15369307673
15350739500
18131375710
15369306803
18131377189
15343117556
18131377851
18948528405
18935307203
15350735183
18910574215
18131374132
18131377459
17751789363
15375027230
18070308285
13348991013
18119865529
18096358121
18115249715
13353819698
18970127626
13388637270
18131371095
13313248881
13373034742
18019584961
18115129631
18131379285
13328008012
18915952489
18922123342
13378292565
15345179018
15350735980
15369330726
17789824574
15329083573
18151587615
15320500341
18131377225
18131377856
17757886406
18032751514
15369302901
15369300210
15369340204
15310466636
15337377413
18994536181
18156060466
18956753732
18903277215
15378786892
18174008457
15374261104
13303978346
18028601911
15388583165
13307751416
18952817417
15369305808
13349170868
15350731301
18130394133
18131374727
15366642039
18195095053
18036303608
15350732351
15369308019
18149141556
15360676899
15350731965
15352109767
15369328101
13363307876
18919233632
18131375165
18907880436
18974701801
13304012520
18061680413
18106171673
15350731899
15369302053
18077491231
18131374451
18955169980
18131375997
18148759946
18170878947
15369306501
13372072740
18035872669
18131374465
18961835037
15369301699
13333211122
18189532285
15350732085
15369303511
18977078692
13389850278
15350737097
18133571229
15350738087
18161200108
18146680156
15350731902
18034470519
15350736233
15127004618
18003972040
15328695937
15373005680
18131117133
15350731865
18127206867
13320900655
15369305375
15350732270
18011256720
18124203581
18969121790
18115164770
18131371873
18131371971
15132335645
13383233409
18939556761
15395828702
17751138265
18931330215
15369306502
15350735320
13337630127
15390202031
18907674449
18178215717
18086308312
15369301901
15369305691
18079564663
17734579969
18131375952
18025002683
15350732267
18090574067
18976253318
15350731266
18176319107
18011900337
18131377870
18915162770
15378158380
18118088921
18950402899
18183024201
13333119550
15369326936
18168011796
18126654848
15350730298
17781017691
18094473247
18131376901
18131370280
15350731970
15369301992
18980323258
15369301750
18131376779
15369320858
18095370846
18131371945
18180014491
15342425405
15369326979
18955769315
15369303227
18956643690
13391516267
15369322823
13306779684
13343963310
18979038669
18131373551
18113979739
18052550498
15369305065
18102687094
13329759428
13383179156
15369326926
13361647098
13388156644
18934962366
15369305762
18032314651
18102166848
15350735266
15350737067
18919815521
18115176071
18025777742
15350733835
18055595531
18119946430
18179743506
18028511559
18186268600
15181806323
18131376076
15350735562
15369305621
13303927007
18133270225
18119615772
18981235079
18131376772
15394639396
13383134792
18951829768
15383519403
18131374320
13393873279
18006246196
15393606800
13349123786
15397896478
15369303277
18168022161
18924143293
15380142213
18115861998
18081464282
18131377135
18070061276
18921663106
18048359137
18078138394
15302322053
15369305855
18953353520
15350737738
18037128956
18130143384
17731309772
18005583070
18026793249
18171688940
15366669974
18948538376
18949391315
13343298202
15369308731
13340079397
15350739671
18004422793
18182424882
