1168133
1859537
1859489
1858359
1698985
1856702
1444006
1859163
1240483
1820378
1859250
1858420
1855344
1859137
1858993
1244283
1859047
1858908
1858932
1858261
1858569
1858754
1858774
1858625
1858540
1858413
1858274
1858253
1851499
1760399
1850345
1858481
1728366
1858394
1857956
272983
1855572
184356
1858084
1858064
1823122
1857507
1857965
1851697
1857777
1857923
1460809
1529333
1857021
1857714
1847949
1857360
1713268
1857493
1451020
1857313
1258478
1856858
1857332
1857455
1623510
1857173
1857339
1857305
1792435
1524717
1856927
1856918
1853195
1854214
1856829
1854873
1845603
695801
1856506
1856026
1853669
1836694
1489216
1855653
1856382
1856340
1856358
1855527
1616286
1465973
1856235
1854372
1698755
1792756
1853734
1393633
1522481
1855871
1855865
149645
1793981
1854425
1855661
1855119
1463969
1855630
1855265
1855445
1855446
1450190
1855291
199649
1855386
1855198
1855019
1437319
1797241
1644576
1446335
691552
1854968
1854992
1855004
1854793
1494358
1798279
1854961
1854688
1847544
202540
1854824
1853159
1801797
1854762
1854573
1854361
1468026
1050314
1468133
1837919
1854584
1781355
1695279
1854092
1804866
1854398
1851952
1854166
1528209
206055
1525417
1695226
1854094
1789913
1854074
1853281
1854042
1853822
1835230
1853654
1853789
1853650
1853814
1846049
1397530
1853455
1853379
1853478
1853418
1785369
1853508
760166
1853291
1329780
1853283
1853352
1838374
1694339
1853121
1852696
1798898
1845663
1845600
1514041
1852887
1443847
1789642
1502118
1852725
1291823
1852718
1844009
1425376
1833765
1400529
1852310
1852281
1851799
1798427
786680
1852145
1851939
1851405
429173
1849437
1852239
408311
1852181
1852146
1852007
1851046
1850353
1851924
1656390
1844381
1813480
964235
1848930
1775997
1851174
1844371
1851239
1851508
98759
1850103
1802954
143244
1851376
1851270
1848618
1851049
1772367
1851184
889378
1846990
1850850
1851187
1442447
1444753
1824251
1851079
1781702
249290
1851002
1484956
1850683
1850834
1478201
1850661
475691
1445246
1850869
460498
1770601
1838527
1850696
1699018
1850398
1850034
1849888
1850382
1850359
1850420
1850164
1850198
1850199
1850259
1849642
1850068
1777906
1331569
1356849
1727197
1757452
1848255
1521023
1694349
1847076
1850079
1846353
1517803
1452672
657278
1849487
1783864
1849876
1846048
1846428
1849823
1849680
1849782
1849660
1447359
1849811
1849804
1849747
257725
1714547
1507795
1379116
1849635
1710774
1849561
1849235
1832640
1849439
1847632
1849366
1849381
1838220
1784378
1475592
1848980
654293
1447148
1849226
1849205
1792822
1366334
1846108
1849079
1848837
1372329
1849083
1849066
1736128
1848135
1833411
123028
1846299
1510871
1392948
1848065
1847945
1848271
1838414
1836512
879864
1846997
1847130
1482692
1848418
1848357
1848553
1847208
1837164
1848480
709018
1848495
1848350
152502
1848330
1846850
1848258
1848318
1726069
1848049
1848072
1781827
1819744
1848179
1805583
1804401
1848075
1847528
1846782
1743551
89068
1847803
1847833
1426217
1821187
1847593
1448854
258966
1847140
1400441
1413530
91995
1847633
1847607
1400457
109393
1847403
1448904
85973
1750321
517837
1333250
1453794
1847014
1846918
1739232
1846509
1387222
1477683
1102490
701883
562570
1447035
1448760
1500439
1516304
1846723
1427338
1838902
1835948
1846235
489143
1020585
1847088
1847056
657085
1809427
1801806
1834695
1836200
221980
1847005
1467981
1014427
1847000
1423791
1785345
1515592
1846916
1846913
71252
1845611
1846778
1839524
1613783
1417958
521959
1674509
1844501
1846560
1846611
1723910
1818399
1846612
1818399
1832301
970417
1846150
1502567
1846264
1845342
1845424
1509847
1690677
1729231
1846310
1328784
1809747
1491626
1846135
583160
1845729
1760079
1846167
1824231
757964
1845974
1515261
1845473
1845899
1845956
1786685
1845965
83811
1832198
1499672
1845666
1845873
517706
1453019
1844546
1516842
1373155
1002645
1845661
1845588
1395879
1828431
162813
1845469
1836886
1516443
1845144
1704991
1845191
1802284
1462478
1844930
1845145
1845033
1520299
1845063
1845182
132122
1845055
1751184
1844513
297593
1829422
1844784
1844947
1431889
1844949
1701142
1844874
1844782
1459122
1336844
1842940
1478094
1844619
1844680
1396599
81231
1838583
1844638
1844223
81596
1741964
1231969
1844364
771081
1485684
1823582
1844320
1844335
1803913
1844392
1843980
1844300
1516399
1583299
1520015
1840644
1554926
1762706
1789678
1793183
636319
1820850
1539664
1844191
1844150
1784108
1421226
1843869
585745
1388330
1312563
1828685
1828809
1469634
1656509
1466509
1703518
1837350
1843653
1520733
1321037
1839711
1828682
1843848
1843797
1392289
1832743
1515139
1830183
1411735
1489191
618890
1843524
1526800
1843176
1781723
1843468
1829202
1523709
777494
1843163
1843161
1843012
1786481
1843129
1834395
1843028
1834512
1794623
1552606
1148356
1829558
1838510
1754347
1727253
1804023
204690
1482785
1261669
547887
1835232
1108648
1842412
1842342
1816368
201729
1468730
1516470
1711935
677779
1841073
335567
809524
1812694
1840609
955302
1836846
1513195
1435736
1743026
