1694141
1878287
1869681
1877922
704302
1878139
1871586
1878049
1455735
1877798
1461791
1877637
1113515
1877943
1460222
467468
1872304
1821291
1818341
1877696
1877147
1877656
1492096
1025622
1876400
1877550
1877422
1877294
1877478
1876263
1877298
1872724
1858373
1877266
1487357
1876941
1863578
1129014
1876940
1877026
1877034
1856755
1448254
373474
1782593
314597
1698028
1874783
1410458
1876666
1876735
991033
1502283
1870273
1873610
1876534
1866730
1427775
529974
1876577
938377
1876314
1715099
1876345
594440
1523075
1494402
1876270
1876399
1876047
1529974
1876389
1872877
1876126
1876391
170844
1252031
1432408
241497
1460585
900993
1876184
1876208
1840368
1537649
679796
1825148
1876140
1870822
1875959
1468745
1528659
1876025
351169
1770359
1850218
1875898
1875805
1776293
1794933
1875075
1876021
1875647
1876019
1875988
1291720
1483090
1845515
1875557
1503863
1875784
1875888
1406668
1506742
1830814
1875679
202234
1875658
1875635
1875561
1875538
1875623
1869409
1873487
1875315
1133100
1875463
1499883
1875398
1412533
1875071
1505418
1425474
1871491
123558
1875081
1474636
61359
1857423
211464
1424801
1852449
1875113
1872675
1875016
1874961
1411793
1837419
1278201
1845185
1485200
1874459
1874835
1868891
1866980
1256130
1468047
1517850
1874710
338006
1874090
1874730
1847489
1402214
1870977
1835961
1438981
1874364
1498844
1874353
1430305
828260
1543654
1517549
1872260
1874366
1874379
1874388
1867966
1480741
1874198
1874392
179796
1858225
1854947
808396
1874497
1822191
1492418
1413964
1456666
1454963
1402022
1873931
1862133
1697171
1873931
1829353
1874199
1615045
1071886
1449104
1858648
1839605
1873715
1724848
1843142
1566868
1411404
1456653
1452268
1873802
1446723
1873750
1456116
1099740
1442925
1874103
1874028
1874137
1874056
1873970
1099937
1465659
1031054
1873870
843972
1227359
1873611
762962
1426702
1511192
1861692
97661
1417185
872525
1873372
1436300
1445732
1871139
1416087
1509508
1545153
1868398
1858737
337014
1873596
1871811
1437259
1873670
1478588
1869499
1872851
1456870
1446168
1873214
1524570
1806890
1481814
576508
1409346
844115
1490734
1468686
1519928
1474481
1873457
137978
1501475
1462839
489814
345985
1873428
1415926
1472370
1486467
1871869
1852837
1862635
1858592
1870739
1873215
1799118
1872284
1873311
1421564
1428179
1769749
1821859
1873156
1499621
1418318
1873211
507824
1411361
1640656
1822007
1505268
1500992
1773518
1464024
1872824
1466700
1872982
1872111
1347429
1871753
1738681
1872828
1872781
1801866
1871775
1701942
1859173
1435209
1872125
1872440
1871831
1872643
1870389
1847925
1853487
170587
1174074
1871731
1694161
1856400
1503232
1872378
1872239
1835386
1709250
1872044
1503964
1872159
1872291
1852529
1872008
1872194
1870916
1793307
1491180
1849738
1834788
1872027
1855239
1854755
1859272
1872112
1569557
1871808
1080119
1853402
1872036
1797618
1869317
608675
1538217
1450494
1731100
1866705
1871818
1870805
1871789
1871655
1871579
1870432
1871658
1871682
1792192
1870840
1871450
1871383
1871261
1870948
1376423
1466016
1871242
1036794
1871311
1870885
1871163
1871083
1871212
1503541
1869182
1871119
1866959
1864276
1870921
1859700
1738929
1870919
1863638
1716365
1520417
1858621
1705546
1719066
1870884
1847225
1870907
1848787
1870120
1870658
1863058
1865734
1494149
1579608
1869732
1783832
1870576
362975
1870633
1870526
1775941
1436873
1729967
1848468
1870401
1870416
1870349
1870210
134132
1870456
1869885
1868612
1869124
224232
1870216
1870287
1514973
1870209
63428
1870169
1478119
1869921
1870080
1869705
191577
1870036
203322
1449159
1869701
1869879
1869842
1866267
1769158
1619970
1867088
1062730
1869853
1869767
1527995
1869676
1557297
1867641
1865894
1869222
1869475
1398976
377753
1867523
1869326
1869448
1485989
1869303
1869298
1868554
1055532
1795633
818719
1869245
1832020
1863324
1854883
1869200
1867276
598772
1869050
1846992
1868565
1485365
1868944
1869041
1821518
1868943
1868751
1868713
1868853
604354
1868485
1868406
1793451
1418038
1868761
1868626
1454132
1799729
1423114
1868656
1868584
238240
1509980
1459476
1868454
1867562
1868542
1868462
1865248
1517482
1868189
1867166
1868341
1868244
1865343
1851080
1798713
1846502
1520728
401787
1868166
1864198
1698853
1868184
1549780
1868097
1410788
1861991
1867677
797297
1201754
1867906
1867994
1445208
1843720
1867841
1867882
1867907
1867364
1741878
1865953
1867541
783584
1867387
1849299
1831378
1867356
1851357
1864070
1867712
1867440
1867091
1867500
1824226
1863770
1859277
1356547
1845326
1364151
1804067
1865774
1850410
1800609
1866995
1853819
1831807
1867073
1727160
859433
1866969
410420
1866989
1866916
1350743
1866753
1833465
1866552
1834608
1865866
1524190
1776612
1866488
1162686
1774846
1644215
1843981
1850959
1866362
1855356
1865943
1836787
1866205
1397802
1130269
1866212
1239126
1117731
1829826
444376
1859879
1865942
129469
1866137
391919
1865821
1866086
1866040
990112
112479
1853311
1865927
1832552
694341
1865979
1865828
577390
1859919
1856965
1865366
1865806
1865771
1848080
1862461
1722752
1859720
1865353
1865423
1859021
1865373
150703
1858716
1847120
1865479
1858826
414781
1865410
1865405
1857983
1865307
1854334
1865244
1781629
1865189
1646778
1844938
1864396
1865104
1805031
1864848
1864590
1864469
1520030
1850402
1769854
1845322
1864621
1864740
29949
1180870
1864657
1528717
1864170
1749744
1856576
1864610
1864587
1495548
1864132
1508062
1863521
1864449
1863504
1038121
1864046
1864133
1864109
1863734
1864193
1858500
1857517
1847246
1852014
1840435
1384282
1428355
1443652
32654
1863725
1863229
1429131
1497754
960140
1854170
960475
1863119
1554707
1863513
682205
1815024
1461733
1863418
1863096
1848558
1858390
1852020
1855917
1863220
1855531
1536046
1425196
1856949
1852387
1863032
1857977
1829623
1424312
1862537
1668363
1857144
1862199
799822
1858979
294354
1862324
1401530
1758959
1857525
1077489
1789617
1782052
1861814
1861880
1421002
1254615
1408155
1491992
1853876
1859274
1850001
