152102198705260013
370282197812110039
342623198910213886
110109198006253119
110107198603231214
150203198709074269
411521198709160064
130681198003011415
110108198304254922
140621198408080027
432930198007310278
622421198212164523
422201198609071866
110105198501096549
230231198302161024
220102198401220211
110104197406232011
370628197912137056
110223198703160594
110105198605191110
130122197809140716
370481198402152235
410526198507105818
411122198405028034
110111198011288238
130921198308182012
411526198511122910
411121198209110026
131028198812311211
410221198004151339
131024198304135017
110102198110242335
152527199003170914
210623198011020035
640121198801238223
33018319860423174X
411521198606215317
110228198602041520
140103198209222723
222402198504240010
320321197908193637
340223198407251419
110106199001274522
232722198305150219
370682198312313530
42282819791113001x
220204198305050011
110105198112021818
210102198111275634
622421198801033820
130324198704265430
120223198310212316
37068519850928551X
342222198706070816
110105198808152111
131102197812094410
132525198208310019
410222198903066046
110108197708035430
340621198404121212
330322198902042435
37250219840306479X
511381198809098770
220322198901240012
360281198810222922
320721198405043617
130427198210190058
130825197911022211
152101198310160011
130633198807276047
231083198407250425
220681198702181212
411081198408315957
370683198806063910
37078519830728651X
130634198504190971
130631198212261214
130205198509293925
420106198406014049
612301198809232776
220102198704150214
220203198209272718
45010319810108101X
130132198111070055
13092119910624323X
110221197910068312
133001198103220618
210703198306182074
142402198701050312
110105198710230505
230227198602012632
142201198011259023
230306198411104220
411002198306232063
110221197701088341
612301198507033157
320282199005283996
230106197108070034
320902198003313014
150429198910170011
110102198310303032
42010419790827162X
332522197812111087
110105198102035343
110221199006126229
410503198012011022
110103198007271273
152701198507140025
410303197603040524
500384199006300040
130634198208120047
320625197207020014
231085198409190764
142232198706028170
120112197103163321
110102198103163321
230303197711054321
410303198403091022
220104198401283821
220104197702140918
34112719800210442X
370323197704032710
110104198808040412
41018119880117506X
230421198607281826
372828197407242720
131126198903284821
152822198501091223
152223198410110269
340827197806260025
3337612001840000
07482805
210203198310026026
411522198910230024
210211198503097429
152104198410121211
370481198608280021
130635198605100046
E2671092F
460103198604141821
310108197108061210
110102198211080435
04086615
320324198406145946
232103198909290421
410104198504270076
140729198809200145
130681198712094321
220881198512036429
220403198710080024
210204198804076177
420107197509204138
23020419840507192X
32100219801230332X
211224199009285528
14020319860315324X
370724197605220773
460102198507260910
460102198905060914
440105197002120075
460007198311160017
140421197903083625
432923197804280384
321283198607255063
340222198310100036
310114198906040029
310109197205275225
310115198802112215
310108198104071555
32118319890527462x
310115198808193263
310110198203201556
413021198010230035
310109197603291212
310109198512040623
310109198003041222
610104198401153413
320114199008121819
320123198302235034
31011019790409324X
32011119820108522X
310225198911010427
340823198701197516
330724198812092046
310108198606181068
310115199108162428
310105197411122419
341122199110210054
320107198808241319
330523198212110047
310108198701132010
320211198002230418
310102197808244423
310115198412271931
340881198907220076
232700198102060055
42900519881103797X
310115199204302945
310105199101262810
310115198109051952
310115198101134219
310101199103221013
310108198607242811
321281198803214856
310102198902043649
310110197003047019
31011019751210507X
310115198608213223
310103198306285058
31011519840712091X
13072719900119394X
310107198410110915
310104199101314813
310114198601203851
32092419800222291X
350783198711247030
310107199008023412
230205199001200044
210204198411190729
320102198208040431
430511199010288026
430502198805201026
360281198307063012
441523199005046768
431121198610194741
23022719790205061X
421087199105195948
42080219870707091X
430902198004180044
430923198309230083
411002198209262527
130104197604211813
211002198305210121
430381199109192620
230224198802032460
341222199401240291
440301198601288021
43122919880612002x
432524198812125826
460003198809057249
430602197901263025
210123198801250014
440301198808265863
210204198410102192
220283198811060621
430702198609045100
231026198106010316
00892995
440982198708211674
110108198802151424
21022119701012006X
130181198807217622
410527199303210617
430481198810012473
422202198906115235
232321198902080919
210222198006297218
130705198011033023
210302197808033033
131082198602030575
110106198708210018
432524197302150613
371327198909090034
360101198304066042
152525198312060383
110108198602086322
341223198702022935
110223198202057871
421126199102024783
420202198802110016
420202198507090411
420202199011011227
420281198504100421
41052119910108153X
210682198508070476
411325198706157665
130730198808191041
220283198708230311
420704198209220337
362334197907052155
420204198412154550
231026198406150345
42070419851116505X
130131198212303923
420281198809104714
421122199012141032
130205197504113636
411122198310150037
642124198112052512
130222197507150017
411329198203164113
150402197711120658
132235198509196615
413025197807200037
429001198211032336
411322198703142418
21030219870816214X
140211198702083312
230203198808290426
130803198406260215
130828198812210026
340202199203112831
320722198808132338
220281198207260536
13012319860301001X
420204198603304531
230606198802024814
370403198304167610
620103198410160012
362201198703080412
110102198303040094
620502198112070022
130633198609074946
15010319861229063X
220203198305313022
130182198611096626
370785198207042315
41020219890409051x
210204197304060086
210106198501015542
230231198803124934
220502197111151032
372922197809150535
130406197806283013
21020419730723001x
372929197803232112
110105196712152222
211204198210010028
42062119900109121x
210503199209113310
210204198906034293
610502199011120433
130203197103280924
110101198509144546
210123198709111222
142723198504293022
130130198706200338
110103197610070914
372824197606195132
430321198611182793
210213198701018720
110105198803292115
130703198802081811
130435198310031214
420881198012210010
211002198001032127
420521198702180039
142623198508232344
612301198105170968
653222197308024821
210111198805080520
370112198812102522
610303197901011622
429004198212200011
131081198702020423
422201198107210424
370612198303292257
232102198202050225
500103198812263842
220421198004220520
110106198211020630
230103198008233612
350203198112220013
110103198109100029
210203196311055268
110105198505154523
342523198710120049
13042319820917213x
142231197702140017
210103196306304877
150102198205157341
110221197902218341
110105198705065824
110108198903252224
371002197202031526
11010519780311041X
321183198308124121
110108198804272721
231004198202131822
110101197703064510
210211196302190468
210211198003294522
150202199409091284
231026198408016115
370102198806254535
12010219870509031X
310104198502182829
120106198910265524
110101197211054068
430203198406067536
231004198003030527
110108197803060028
110105198103190484
370125198701097056
230502198509060946
370911198907021685
21021119840515352X
210211198201176527
210211198503254025
210203198506125528
210202198807260719
110102198210041936
120102198909155648
120102197711110562
12010319840311452x
120103198308264829
120104199008215129
120105198804042152
210724197910163045
210211198612070428
120106198006207545
110101197801280532
230103198002074227
152127198909160628
120103198712246112
110223198510023147
14060219850328052X
210211197609270918
31010719820111571X
370112198610235124
120101198808150024
340721198501032161
310105198110102865
370103198704090011
370102198508132126
210202196812051728
210504198211190536
232302197904210437
220582198111103918
210202198712264944
37130219860624182X
211381199003140021
210211199005262721
152326196911190012
210202198204075434
222404198302240429
210102195612082255
210203196511265315
230107197412200813
210203197005214763
430521198103270253
460100195311120354
341102198510091023
42900619780718125X
460102198410170935
650103197004041326
652301197405200316
460001199108280749
210802197003100013
460100197111060923
510502198712220017
220402199108023615
220402199104110017
460031199108050837
362330198908158807
371021197610112519
13952288F
460103198810290326
421127198809182242
460004198109300101
310112197905256410
460004198003040612
460036199004140012
460103198912021821
460004198708130044
460004198808180065
150204199008101229
460102198902042710
460026198908233329
440523198810200128
460103198808120029
460027198605206645
46003219810623081X
420325198311060018
460028199004210025
460102198705280939
460004197811260221
420684197408140075
460100197203018036
46002519880115451X
152601198904010659
211002197910101236
511102196903250024
430523198701098847
460004198403260040
460104198606300933
220282199002180023
460007198303270443
460033198801084531
230205196104160627
432930197712123326
460033199107073220
460100197210110033
460102199003190028
460100197112080010
460022198305304110
46003419880630005X
220724198611034231
342601198608104613
460022198703024114
142701198610050616
231083198712275127
460104198902120021
411527198904140032
46000419901109042X
460027199008150027
460022198409011726
460105198004125417
220121197209062553
210602196705133033
46010319851204002X
430422198006240029
500103199103156563
230828199012085720
460103199011040616
460300199007240043
522121199003261823
130224198106070574
460200199008261190
460102198609020926
412301198812250521
460103198202131831
460035198711160038
460104198909020322
460103199007231567
421302198501203012
430181198801179427
430528198911055361
360121198507158524
460103198611071518
220402198901190027
510202197912060029
152531198601260012
110102198811222329
411322199209162944
37030619840310204X
110103197604241211
220203199108060622
110105198504246522
131102199107290239
22060219901230152X
620102198107105348
330683199107100046
320107197709243410
130425198802150647
142202198111200316
220881198607172124
130726198706020087
420111197706304239
510724198402270026
310107198110212135
210283198206120516
320522198602020057
412727198306193531
34220119870214365X
152127198706169219
110111198411293044
140522198905080010
142430199001271210
130433199101040538
411303198009281814
140402198303150412
110108198409212219
41122419871019001x
372929198012071222
410311198509203037
110102198001041120
110103198911151528
06055962
452122198209220019
110102198409081556
130924198403054210
110105198407150414
110106197710284812
350821198605143015
110105198701121841
320302197008233622
371525199009166630
440783198512212726
612325198901203813
321322198307125817
140109198607100519
21060319881213001X
500107198711193115
232700198203010815
610404198101040528
420103199110290015
420103198003092027
110109198606104037
230506198610230431
210105198211264958
371402198608171920
23020319870611101X
231002198210091012
220103198802250426
513721198802072858
230206199012080910
370202198503224422
110103198211141214
130633198209034777
420102198006210328
230203198607180634
110102198005071538
13010219880920212X
433127198302134210
142326198512111812
110226198808141110
372301199004060318
320602197512212018
130206198211270321
342224198601211312
340824198910155423
532301198708240013
21140319860316861X
13068119881219221X
110105198812188117
110105198207100041
120104198409294724
H60096611
310115198602242218
230705198412070021
411102199109300039
532326198902083012
412823198503187616
420104197608261622
110104198711202032
320114198307151810
412726198907141132
510902199411017847
130427198703180034
370284198907240810
120101198601191515
152326197209150023
370202197302204412
370203197310272622
370202197807024433
370285198303012629
370202197012024456
210202195511056416
210283197504081522
210702196805310733
210281198609265514
210204196611156753
210202198211284912
210213198709193646
210204198607170500
21021319861007521x
220202195809302415
210204197012080712
22042219720812003X
220303198705153043
220104196806253816
220104197103272011
220281197705148227
211002197512222059
210102195807011537
210113197904214721
210103199212090613
210104198701252849
210105198602025268
210102198503185013
210281199010016418
230402198811120131
421002198711300012
420107197812072027
339011197307276390
430221198309112617
230102196812264131
330127198911202219
230903197202150318
210824197012040831
120104198704251225
120111197605020543
120105198407284238
120103198105174225
120225198603120813
152601198007103513
120102198401282320
120105198406014842
120106199009215510
42900519860428525X
230184198801226336
620503199106078045
332621197004190417
21020219840115641X
210402198203274117
430124198812058420
210114198707223611
330282198509039193
420102198501054019
429004199007220114
133022197804053557
120103198303190736
120101197808042010
120103198305154525
46010319820207091X
430105199102070519
460103197911010376
43012119891215738X
410182198911254179
412801198507300614
420111198508255565
411423198701192018
410182198302024116
42010719830922151X
152327197012180026
120103197003226712
370202198110254970
460103197907310325
210902198508072521
211003198104271514
452223198912064064
23230319860202156X
330781198610175967
512923197705020034
11010819781110545X
120103198704165435
140881198312250017
510402196904081440
372927197206062319
340803198610242128
110103199002231218
210221199009127327
21020319800912652X
152101198206210912
110105198008270451
11010119800425001X
210211195810213166
430302196801181523
370983197805101841
130431198310090059
210203198308170029
210202198906147324
N1719075
411502198508190524
230805197808280229
210204198403155667
320621198102285154
220105198108011225
110108196201110070
130404198905022443
612725198509220418
110102198704091925
220106198407190223
140106198404223026
220202198901293324
142702197107013633
210202198802240030
152201198703300527
23030419851012542X
210281199002185731
210211198401316766
342201197005010021
15232619740704001X
420111197004085617
21021119820814144x
230523198805144425
210281198812316428
370103198502186429
211421198010170020
370921198606183624
65010519830611222x
411502199010190521
211002195406271122
362101198110101032
37252319820216004x
150204198711201841
210114198410185423
211102198203210521
210404198203273926
210104198103164013
150428198601040903
150429198408212327
210402198701120946
210105198111103444
210211198403147425
232303198506010027
110105198211055837
370103195309270510
22038119760801402X
370811198707104050
22010219810212182X
152103198601260613
210204196602155775
422721197209230061
110226198305274229
654225198308031524
371002198107086718
130984198303180611
110101198609072068
110102199105061518
110108198902091422
110101197809034010
110104197807252056
110108198304263765
420400197011090534
210304197711150412
350102198507133641
342426198312084250
150430198802261296
370785198605216528
110108198409083015
142623198506115726
110105199102246137
130633198606183362
210904198605053026
110101199005310525
411521198807031514
370727197105119459
220282197902080811
220621198212270283
220702198801210218
211382198911171327
110104195908082595
232301197810281510
210204196701255819
413028196508100014
210621197402185913
210102197609116927
210104198201223427
210202198203154229
220521198608240034
420683198602080916
220104195610140612
51138119810226005X
22020219880612301X
220284198504100060
310112198412123614
51021119830808181X
12022119911227282X
220102196801160212
31022519741007601X
142702199004131222
13012419840329005X
120222197706167346
210211198712210440
210281198508100825
230826198502100420
211103198408280626
372330198603230021
220581198404250181
50010519860923183X
220702198407179611
230202198210170618
210281198809304813
210911198106173027
120104198304011214
45032519841028125x
210204196409265833
430602199001280021
210802198504130012
342127197107166834
230421198405261827
210202198812203225
210105197012015217
210502198204171545
522501197707195518
220183198605057821
513022198705272098
320311198303217052
210204199004273935
410181198305125047
152324198405131841
21020419640817581X
230804198211080927
220204197801120010
230103198805181325
21140219830902124X
210521198102130434
513022198604186617
500105198701234224
500221198508020625
130921198201023652
21038119870124042X
411502198908220518
310104198411050898
210703198710252249
640103198505061811
610321198205240429
210202198902094923
370722195508050010
370682198301222414
370104198403102927
370882198712150049
370784198810235019
370783198711266163
370921199007204512
370102197901171725
142625199008233946
370213199005275212
220104197111058015
220104196810290919
220103198005052347
220106198408209221
220722198708056813
220102198410255029
220621197005101124
220105199108300427
220103198601104924
420107197910170552
340103197912253057
421002198812081853
420103198610224925
421083198706192128
420107198112291047
230103197802025111
110105198102079223
372925198603021328
411122197801070547
362321198410043520
310112198711147229
512925197504130037
152801198401268325
422326196803164314
210281197809291536
610124198006253911
440402199002029112
130226197312191711
210204197001113531
211103198807203716
21122419820508514X
370104198105271335
210213198206141027
370729197503070219
420111197702077315
142433197611090054
510702194909141219
420106197903104075
210213196602063017
422301198309300511
370402198507020655
WA889169
51090219901104466X
210211198709206539
510112198708080032
211402198907300230
211381198607300060
420106196504250433
510122195807073224
44011119771025483X
440111197408020952
320621198512018534
610528198501050035
421126198106276318
422823198401133221
210222197402183138
350206197810281010
500102198707121731
142602198912270017
232321198702255411
21021119530305317X
210203198501213035
23022919910628031X
420103196812030415
210281198507214310
210212198605211014
210202195501014212
210203197810015521
210323198808283768
210106198204101225
210802197802272065
210202198611146412
210212198708060044
222401198303051540
210603198711142564
210104195502011213
230811198805064645
210212198211275939
210122198805281823
410321197308243532
231083198711121126
210103198608092426
210203197507212266
210204195407163054
210323199106301620
210204198803261813
420106195012240496
420103195103145356
420106195302110411
210211195410153213
210204195410276172
210211197505250410
211224198405065530
211202198706051046
21148119850808082X
231005198403230022
211382198105281011
211321197411225619
210219197607045515
210203197005245914
422201198412150843
21020219861208732X
210725197603040228
230202197410170351
610102197805142350
21021119871206042X
210204198301315666
210204198403056466
210202198402262214
210202198610222743
510125198901210048
370303198410185446
210204197306270159
211324198907060022
210521198310021080
220282198110014116
110221198806254013
210103198908136013
620102198406224611
51100219840507034X
360102198510140748
130827198712290026
210502197907150949
110108198708104728
110222197404112217
110102198411230442
350702198811140857
350681197909210070
110108197905280056
450305196711220026
110105197201021815
230105197506031317
131002198702180042
13022719891119646X
610602198111070024
142636198803074117
130107197802140613
342623198806180623
370982198907093887
130426199009071143
130406198602070918
110105197411063116
341202198803090724
132930197710242427
110102198211241972
210804198808051017
H0148691700
110108198305183716
210281198806030546
110102198605191146
130681198310046116
210202197811054964
130523198503233226
230522198211112577
210603198109295023
342422197809128669
340826198810236026
220702198910049435
654101197310012831
622301198505190337
130724198409091417
220625199001010756
110105197612079456
622301198505280578
110108197005114239
110106197602175416
310115198101020916
211322198111184019
362429197910160610
232301198604286235
110105198404030425
220204197810133016
131024198203192039
410802198309212028
210213198210231025
110103198711020929
150207197708262912
310105198612215026
36232919890523352X
310101198404140546
310104198308270841
310106198003254026
420103198212202026
130426198105145216
210882198506100329
43060219860710110X
420922199002123503
360421198707281021
43072319710205702x
441521198704231148
512222196601198461
362201199211090213
11010519850806411X
370921197512080312
132525198004257519
142123197410021010
131082197907230776
110108199101139718
110111198504112214
420601196808230672
152601198609034113
110104198602273042
132521196906301713
130626198704031211
110105198306230829
412824198206243112
110108197907160912
110104197204170430
420621197709202211
110108196807232216
110105198201034637
110105198203091133
11010819700805602X
210204196112221717
371002197511045040
210882197811182127
11010519691121211X
110102198312143060
110105197405205819
110103197101170618
410105198108263823
120222198702052917
110223197602020010
130430198209071914
110105198102210033
110106198204232117
110105197411075424
11010519711013331X
110103198011021218
110104198607041646
370983197803136119
210782198601070011
130684199011102070
132123197204263412
41070219820929151X
110103198704261820
370403198111031119
211004195008133018
210105195809134660
370102197804220847
445222199203032210
420116199006160810
320402198412213711
510108198910192711
210281198507300518
231083198412214429
620123198904222119
320723198305102854
513021198601130048
210221198608117521
410821197504070525
422423196702051835
422827198509191832
429004198708140358
42112719900125173X
421202197805270011
42108719900428591X
420881198306130024
420116199307116629
421022198802080043
110105198411047313
13010519890308152X
320922198808103319
341282198706044373
330106198507301213
510102197112173775
110226198605275012
61243019840126072X
370781198509194028
110105198909110826
210381197811191417
110223198407040010
330124198707042319
421083198410232848
110105198601084510
430103198112271018
320921198908063848
110227197401170018
110108197806193117
152801197212260637
210881198204104037
230321198506196213
211381199007260047
110226198811093623
41300119871014401X
342622197705266259
320911199004102826
430111198102130035
11010819851202497X
230281198305070033
131026198808097424
22062219850713252x
511025198206294345
321084198105021326
430981199102168401
43011119900123362x
320503198811040012
110105198606255833
430903199102196323
510822199005111926
510112198610175412
441900198207250073
130828198603122724
220622198401142535
11010119810701161X
410402197403040561
533522198812310046
22070219860624974X
370181198701033061
532323198809231720
612322198307042042
372526198202244154
130921198702180269
130534199010164924
43282219710824007X
110101198307252039
321322198706152652
530126198412110812
110101197907024510
220582197709090029
110102197507052332
370112197811307775
43042219850510542X
210102198401041035
120101197906300562
640102198802032420
110108198409174929
210104198706210525
510104197808180677
210224198712160270
412828198505010912
110103198611160027
53010319780201291X
53012619900525002X
510422198804090010
511602199309010926
220502198811221243
310101000633703
321021197107196517
15010219720101201x
52010319850329362x
110105198301197740
110101198012174010
140202197907025019
130633198708030674
421003198604200551
421003198510300033
211421198104223234
13013219830118255X
142603198210051043
622425198811050662
610111198212300051
150105198603097822
11010219870826271X
130432198310242338
211302198307060477
110108198707026334
620522197101252315
130130198710040015
231005198203100020
410102197302192527
110105197402081857
110223198907123525
11010319900426032X
110224198010103833
110105198107093112
110104197902062058
110103196807120319
231023197108163312
452701198501010327
431221198308064212
421022198709012556
110105197005258145
231002197911011025
110101197610102047
230826198506260026
110103198303141545
110106198008122738
511132197301250011
130632198807154422
130602198607021547
360429198607160311
622226199001103662
23040619860120042X
152527198911015421
110103198308161510
110101197810130034
110104198907091637
110103198909091511
133030197903222731
420802198403030345
622827198610220017
340402198906270226
142423199101061524
320202198706160028
320623199206215625
370304197702222220
53011119850827442X
310108199003270525
352201198712051611
320681199001203421
421124199001065022
H03762847
432502198209262342
650104197701200771
410327198005168240
36233119880113131X
310114198203180084
410901198307212314
440104199101284422
02522601
32083119891014402X
310104198602197235
430722198604200023
310108198803133823
410304198809172523
310109198405140012
342423199005011719
320683198211248220
310113198811240849
420704198512251646
14010319780811122X
330121196807170010
430223199012293514
440301197805137511
360203198611052028
431081198802107770
441323198508140048
430481198603310574
440301199004204955
430702198908175247
432501198706173010
411502199310050045
11010219821024272X
440881198812293344
410423198706101567
350102198210134520
370205197803263022
230381198101300613
140102197504266517
440582198509276342
320311197208251610
341202198306231135
320305199102211268
210104198507083711
110105198605021824
360103198908200022
140107198401241217
142730197907190625
650103198805103245
320721198910051845
110108198308142717
321001198007310019
04566083
110108197101062715
110103198306170325
120104198907310811
211004197611211825
220221198605188617
110108197808140422
110101198202132049
110228199108051517
110108199003219327
620522197307221514
11011119840417002X
370683198604077927
12010719770624391X
110108198005153726
330329198105082084
230303199001176227
510703198907250029
420325198204244815
210213197811032537
230207198402240416
15040319730309483X
310102198303032825
13293019741016501X
440782198902017612
150402198402292442
370121197109028027
211302198908010440
130183198904190022
220204198108270314
11010519860902044X
140411198511124821
230204198806161213
411122198611251544
110103198002050017
362502198503110210
110223198706071423
131002198712294625
13082619870926463x
230104198809222354
220102198107252618
430921198509160013
34082119791028351X
429005197703145215
370724198507125830
120224198405056017
130628198610010025
130481198809151379
131122198212113227
372922198002193096
110104197508243512
32128319850825425X
110109198912223421
110107199101040949
230223198707220010
110108199101226811
110105198701021517
650103198202020627
110105198408067524
41272219860611002X
142701198012301286
142333198705251815
130681198803201217
21030419740326301X
110105198106238623
110106198310124822
120101198607224541
110222198902152945
110107198706040023
11010719860709005X
110105198105294711
310106198603220831
310101199007191547
431103198911035143
370921198412180628
310104199110141221
231005199009064024
341203199005272524
360502197705161618
230103198007016640
340322198303181646
310108198303222037
320520198302130729
310109198803052018
31011519780705171X
340302198607231029
370703198509084129
612429198406170023
330327198304080679
362502198205192035
310109198311082077
310108198707181518
31011519860723521X
342225198806181053
140104198105141722
42900119880526541X
310115198409048632
342222198709271226
620123198405280912
220524198502251818
142325198708254587
310115198807130420
310115198804200139
310102198509251660
330424199001143426
340823198604026731
310105198411272016
310228198711163823
310225198602221212
310115198411022933
310108198907062636
320125198805080030
310102198210194438
310107198411092528
310228197903123610
310226198808222014
310115198603060619
421181198911293123
342623198605266818
42050019721022182X
441781199009233549
441322198405196042
362229198303212224
440902198511300102
441900198701182803
44098119880923422X
110101198305310071
433023198204130012
441900197906080910
350627197501030019
440105198312010917
441900198508261171
33022619870920608X
441426199012161186
41132819890819552X
441900199104252249
440882199109185020
410822199309043527
412727199307122043
440982199301013881
440823199409194383
431026198603070923
441900198905175189
421122199111177786
441900198512090328
440981198503103921
422325198102182221
420117199210146406
450881198412064150
511304199005034829
352225197801210027
441900198602101107
360402198106253122
440307198208201143
510283198202063607
342622199204117537
440301198301040948
441421198604020022
441900198811182775
H0942786501
430404198311201023
650101198008060323
320404197107060622
23082619820606164X
441481198809250039
230822198504256423
372330199001206707
432522198905167002
440825198707190020
440301198501283629
441581199111045762
441522198603305749
610404198211170067
14010319800628422X
441302198910211025
421087199007235942
460004199005112645
442000198912282347
440682199107214042
440982199202085660
440801199108090347
441302198609107026
412724198603061042
431223198209020049
340202198908250519
441900198805301109
442000199009020927
460103199006300022
140107198809031221
340104198709161529
230624198602020213
320684198304163169
532901199010260087
320504199101241523
310110198404171517
330683198909272849
310115198411040912
33010519910619163X
330105198703271318
410104199004120041
620102197804202421
33010519870714341X
330184198411134317
330102198702251818
310113199008031938
310226198504305312
130604198011080020
510181199003272517
310115199403071940
330902198003260014
513101197705030549
320586198406180514
44010319770922481X
460003198602216812
440111198109300019
440112198401010656
210602198906071042
441623198204160353
02941666
310104198811132825
522723198208231936
320482198706033101
440711198308213914
421125198509201314
330324197108283141
431103199006180628
310109198101230019
31010919771231521X
510214198106193716
360103198212182225
320502198207023033
320502198204061026
320511198511132011
320504198210142538
320503198412252536
440801198410242933
510106198303141418
320281198902287769
440722196308170141
350525198504224528
339005199011258726
65010319830429061X
222405198802151824
341223198705291129
350212199001192575
330105199006260626
440785199001061310
440711198906186012
440785199108156360
350104199008104923
350182199002091606
350626198107270020
440725196301020027
360521199402230020
350126196308210044
33038119880612182X
445122198906150029
330328199006200426
33032819860508272X
440701196602110623
44072319660630006X
330102198811250021
330328199003295327
370681198808021025
110222198801200821
371422198904155445
23030219880415504X
232301199008194144
654021199007053728
440182198808211280
622424199011280038
350182198408221605
310109198901081541
350181199012101648
350181199102211584
230103198804060943
330182199011014422
210211198912095125
350481198902146567
350428199008190013
330324198606063701
350481199012166069
310115198808128621
310104198301234012
310115198603077816
310115198707177221
310115199206228611
310109198708240555
330327199002033388
652826198210203268
654123198703061821
320321198903164639
652323199006010088
410423197904139537
310115198709267810
620502198906271707
654124199110224024
441721199007035569
441881199105140225
110108196502109014
211002198812141220
110222198404100317
410724198608180022
130105198705030617
450324198711231946
110105198309185445
110105199003163512
110111198812110827
110228198610304925
110227198302260055
441581198810154867
430528198712250041
110222199003050819
110222198902160865
110102199012031141
210323198911163545
130133198905111564
110105198711076124
429001198608170104
64010219880203096X
210104198806203111
42062619910914758X
210204198410240712
21050219860525152X
210225198203100428
210202198805267327
220106198810150221
210211199003264926
211202198902221524
620422198809140027
432625197609188212
441721198712300028
430528199111308222
441721198606265548
441881199110265022
440883199008293547
440921198810166563
445122198608165628
440182199108010984
370205198206282019
450323198610242746
45032519890626092X
450331198803031224
350212198803011524
330302197506292010
330302197408231628
452129198910070025
130481199001070941
450324198706241613
110222198905272213
110105198309097111
110222199110061425
370205199007020520
45222319881027612X
62050319880513606X
310115199508280423
330381198712051023
220181198502142828
450681198902080961
110104199107132028
362330199012021562
350181197609010029
360111199402092516
411526198904303229
350204198202241033
360102194910274333
350825199007251630
440781197911056241
532625198508311910
110105198804022117
02490137
220502198502141047
211011198309085512
239004198309280833
650203198212132126
231021197708204023
110102197712172317
130703197910240643
210204196308265850
62010519691112104X
22010419710329152X
210103197808273614
110226198109092348
140202199204260521
321028197007131411
120102197308291068
133023198002224423
140102195711202082
352128197701291556
320382198310043674
410411196810270040
370305198803146248
110103198909101521
411303198210250024
652901198412090415
110104198707162023
110106197711285112
320706198609190535
110102198301132390
23060419791119441X
222303197704150411
110107197809043417
142725198406210820
220602198201071220
110222198511031425
370781198312221838
110102198401220523
110102196311221523
420821198908260022
310104198012032828
110221198601125322
230104197106020620
372928198401025821
120221198511040060
110103198703151267
110102195712101974
110222197209083326
110105198412255018
21010419841130281X
429005197612068306
110103198707141875
110101198608062546
150204198702191821
210726197808231518
150102197509180511
110105198907036124
520103197704083229
320106197803312818
370403198603126114
110105198111196528
210102197010245677
210302197203210615
210104198007033128
130803198710300023
370786198510182421
13068119871209062X
210502198706111825
110102198208110816
140302198406070428
231181198607030825
140102197706282347
371002198501020522
220282197805056529
110108198706064929
11010719881220006x
51078119860315001X
210202198707225940
110103198009111513
622822198404214538
142401198501173418
142401198902151447
372929198108146321
34122119890604800X
110102197801150419
210202198212021225
500234199106115759
230882198802160661
452129197604200050
110111198906171022
152624199106083027
140104197208010827
110105198203121523
110106198103312126
654301198507280034
230603198005182124
211421198803270427
211381198111120090
460031198703080825
11010819840923491X
310114198508060016
110103198308171225
612129197906120435
110106199005025443
120103198310044227
23102719601220001X
210503198910270328
110105198606205422
110104198007262541
A28424409
370303198911096046
231024195712165135
231002198301170517
31011019820408323X
5678822
370202198211251154
130622198212258027
510107197812150015
210602198008230523
142729198104173628
15232619721208002X
231084196408090045
372523197602120077
42900619821106302X
150430199007161725
371102198908296825
110105197907120823
120107198203300622
430305196902080528
411122197904012016
460003198505132617
460200198803023146
220181198010020197
460006198307234427
42110219881209051x
441522198005210010
230804196407110017
431024198909263311
430702199004138069
130402198203272429
210302196005252115
210204194407280037
21020219830204122X
210123198811050024
370102197009192920
610431198801013423
450403197703040321
430723198401116426
440902198905012859
513030198806030012
410426198307033519
420102198602280816
440301198908164429
310230199206110022
310110198107152045
310109195105053255
310108198208220017
110108195710200010
330227196902012049
330227197303033205
330204197510222012
330922198011133512
330227199007212013
310105199001023214
320402198611142848
220104198112205819
440883199211040078
43108119870911137X
431002198307200024
360302198410270036
362228198812201834
43022419880427425x
432524198903154630
21038119860723025x
220621198909093424
411424198605168815
421102199107150526
440102198011251013
442000198807011481
440883197911202614
34260119840727742x
440582198510192920
440301198112132720
150302198307201025
110108196306191874
232700197010090017
33072419920307076x
330825198703190132
210302196302052128
510721197304149528
310102198010260023
211223199005110820
321023197710270219
420684198708033022
342301196602040422
510721196412029326
222401197508254515
310105197210032441
210204198102244324
210281198002130816
310115199206256313
420106198903233218
460102198010311241
370213198302165242
210102198410131526
210102197410151848
210103198706035468
210782198508190019
211202198605021542
210105198403185218
210105198505273729
210181198205258021
210105197608304626
210105196510062222
210105198007213723
230204198711020207
210202197511232239
210111196502062529
211003198908100825
61010319760306125X
422406197805010065
220104196807032636
12010619650711353X
110102195909142737
41020319700505201X
110102197411272349
110108198704014258
110108198712283423
230107197812110489
370305198511270423
110106198512173323
220283198706100329
22232319620831051x
110108198004162743
110107197409010341
110102195804192359
379014197505152037
63282519841010001x
110105198506085435
330225198601250015
110102198308270454
110106198809252428
110226198709070054
130722198512061715
370222196209100062
370284198710124146
370212198310292026
370284198609083327
370681198506222243
372330198601105112
370202198710263547
370203198603050024
370214198206096028
370204197710021319
220621198307231420
371328198807032534
370206197403190019
370281198305240056
370203196909232614
370181198508142426
220102196603092829
520102197009156215
210203197305060022
230707196508310046
370202198309263911
370284199108291827
370203197902092625
370205196710161532
130105198807121528
120113198910154422
120101196807195010
130526198208056123
632722196502082425
210212197111110024
12010119500216153X
120105197109113022
120101196102261030
320723198202231215
130124198711084565
360402197902090040
120102198311150359
130635198506152449
120102198603120637
120102197903282334
120104198304075541
120101198312162566
120102198010011064
142628198109020311
370832198308280016
130324198704274222
350427198811112048
140104197411020019
120101198204214525
120105198403075412
120103198409184828
152625198512250021
321324197310086618
120104198505142544
120103198807261729
120103195510086727
120103197907312920
120101198712254021
232103199501071326
130534199103065837
142730198805011838
42100219890408383X
36068119830703001X
130322198208031819
410725198910101686
21018119880106002X
411424198901050520
130229198710136420
452226198301230018
13012519810528351X
130125199001093011
411324198808292810
110105198804056122
410521198807186531
410426198806186034
11011119891002181X
410726198812125015
130183198811172124
411425198903204833
610203198710272917
511123198709270321
14240119900604092X
532125198512010013
421126198803191723
370982198810030644
14272919901128661X
410381198903266537
513021199201200021
120102198602222623
110108199208156331
610429198601124178
231182199006290016
432503199003127672
452501198410152572
411528198910210021
130128198708020953
230182198303171640
110223198801101897
110102198108270476
14242219841102033x
61032119831002041x
131182199211282644
372922198710065431
220625198911061451
130128198501130944
13082519880524101x
371402198810275715
411322198910183415
232700198812254356
230602199206192124
110108198011254910
120106198502253516
230204198502280715
210782198303040420
152631198708210029
231181198808290228
530381198612271317
110111198702138220
132201198804280816
130705198811237016
110226198411160030
411002198702112514
510129198908090013
420281198310180048
411002198708220014
37100219851009307X
230231198706281364
210204198809120990
320623198802090027
342625198608152392
210106198506030944
130702198312070013
120221198709183024
411023199110080017
140202198502176518
340505198405010017
41272719890423708x
41282919890216003x
370830199012050838
411521198612015717
130634198708060044
150430198710082362
342502198702183814
500240198404291526
612327198704085435
131024198902157232
110105198403160818
340202198305051051
110226198709184713
110111198805262611
432522198412074051
210204198309253519
370303199101190617
440981198408180013
340802198809170815
460006198607067843
410727199104010912
37072419870902144x
370725198611153774
22050219870417041X
110101195112112032
210104195210151214
130706198409010020
370481198105181814
210204199004180261
110105195206107117
140106198708143017
13212919800813451X
370722197812114313
421022198511156116
11010319781014181X
110226197901060070
120110194905010355
210103194808065518
510103196909095411
130105198506232451
360302197912015014
330182198402031719
11010219800627111X
110105194905017132
140102196312016092
110105194910077156
650104195407073311
210104195001021210
110105195302097115
150102195305040518
210104197404211210
140511197605034414
372426197005042051
360725198602190010
210603198611022039
110108197712173713
341125198310020217
370830198309163951
372526198304011730
371421198106020072
110105198912151135
220322198103198876
510122194911153238
110101198601123529
210104195808011259
110105197906140435
110223198312030573
110222198908053315
610113198610290429
370284198202074111
110105198102287110
110222197803101830
320103197606302099
370611197409042933
21020419680802579x
210203198802230517
120102198207032010
120222196805190037
110101198603290013
520102198308263429
210202198905076413
210881198710151274
210102198502133019
110105199108054128
330225198411120324
131082198711060773
220381198701023697
220602198601061224
231102198212290424
230881198507130228
110102197112053015
110102197805020021
410102198608200109
372925198805135681
110108199105192743
130534198702107520
230122198609093220
332528199103220042
110105198808153616
130406199008110328
110105197904080010
152221197902131421
320923198604134531
210402198201190024
230302198606094725
210281199011301220
110224197211150025
371481198502157843
370204197705021322
110223197904023911
130532198703014024
210281198811166421
330402197707210937
110104197812202029
140103197706220724
110108197808200034
520103196307241233
370121197110217423
110108197612043719
110109198307180021
370883198504101230
220381198308235247
110108196902043755
522502196805100860
110105198204101516
430702198002244015
522401197903200067
230702198410010325
130705198705070320
370284197906186010
420107198011060530
520103198503271244
120105197708156040
371327198802042737
21088219840902642X
370304197910125812
152101198404050913
110105198110066510
630103198104081668
341226198610062015
130434198203090845
110222198711053522
210703198906273228
230102198111165615
230103197909220021
130404198912270920
110101198710233022
110105198704163334
110102198004012325
532622197804242311
410825198502112525
320219198108120269
420802198512191922
341204198808150020
142401198804091428
130604197610161223
410402198205215513
210105197906304026
210502198401171827
370685197911302643
211021198101240045
110102198703051120
220702198006200221
11011119851024001X
230804197308170545
210204196711015835
211102198510170523
210204194701105774
210204198508253060
320106196605031236
210202197309150061
220302198804100012
37011219800812152X
632126198009031247
GA156578
412931197709191312
110108197708106067
130681198311070644
412326197003267537
370902198307261558
654125198208230264
230104197101114046
220104196912014413
11010819880910492X
36010219881224282X
210623197208013838
420107198306101061
11010219891116332X
130623198306141221
410502197308032016
132629197411140023
370285197510095338
130105198601100625
350583198012132217
422228197902100019
220221198207042217
210102198209011012
520103197712214014
04380241
421004198302152028
14272819721116032X
140103198012135749
152634198211080010
640111198609090035
110101197907294019
150204198701190341
110107198909110028
210204198911221026
130802198612010464
411122199002107533
640302198612161134
411023198809025068
01112377
410103196803022528
410381198609232037
430124198704043715
37142719840102375X
230103198306057928
130228198101180294
622225198102280018
152122198704053034
120225198212062775
131002198307104621
152326710327001
110107199208043410
110108197011053436
11010219840825235X
110102198608250818
220104198511046325
130928198805181023
11010219780724001X
110102198004261110
110108198410042712
110226198205182319
110102198605300410
110101198912201539
110107198207191513
110105197701180011
110104198109281612
11010519871112945X
130683198706257625
120101198202025018
210903198603101024
370633197004075313
432801197406233044
362423197908300022
513723198209163831
110106198506160040
370403198807146125
22028219810121532X
131082197907310784
230303198601084620
371322198703062263
110105197008245438
370682198812048411
110105196204037519
370284198002100418
131127198502113614
110104198507093019
110221198604175317
130626198803041669
220724198202231218
371481198803036623
130430198503220167
220202197903243027
110226198611060042
440783198304161215
652801198411181133
210304198107250438
110105197810106830
110105198510316558
110107198411163413
110104198304300014
110221198310222210
110102198406181519
110101197102252014
210402197912181517
110105198002045210
130684198707075491
130429198003134611
130730198603171012
110104197908191635
110101198402042515
110109198005181213
110105198410164710
110103198211041811
110105198511066511
110103198308111855
23100319781202031X
110105198502266511
110222198708102231
110107198210030913
110105198812296513
110223197211182311
110105199304226839
110108197007265719
110105198603295012
150429197503016311
110105198610016827
370683198605172248
110105198410246820
110105198401289538
110228198209180030
110105198112211531
110102198409160502
110105198709271115
132825198208212618
370724198604213920
505706299
E3001350D
210202198911292227
210623198906270457
232700198903210041
210204196609045771
440507198805080627
23060219791206362X
210213198505061027
13070519770809004X
110105196602154163
230403199006070021
704153485
210104197201221718
133023198108262241
230107197411110234
650102198310033015
110105198212260031
142125197602201617
211381198606241214
110103198307260613
BA832131
110102199001293322
210204198609193546
130626199011284907
210281198508036421
510107198412140525
370783198409193602
21021119681212142X
210882198810260327
210211198611283528
210204198612252623
230502197605021512
370687198511185721
370103197503147523
210404198207010664
21020419541230582X
21020419840119577X
230421198111183181
640102197304231836
210221197708240266
230603198411123728
210204198907111406
371122198407073127
210302195302232722
110105198912305026
412724198510203785
120107197108133614
110101198405250010
110105198503225324
110108196812220025
622223198607160334
130631198309131627
110104198509179823
350781199010314028
110227198903092712
330127198603063026
370205199106296039
142723199105200655
412326199209237527
14010519840521001X
371421199001165712
110104199205151636
120107197810090618
420303197610212066
13098219820216293X
133026197702122115
410923198512226633
130404197810240312
232623197307116432
131082198512017115
232326198904141545
110223198608261098
51070319920116051X
231011197907191517
43010319820524051X
11010119810715053X
210222198304203814
210213198209259311
222403198308101108
210204197004063576
15210219740315005X
210727197409221263
210204198706184326
210283198408180517
210204197706130286
220211198507054233
210203198312165273
21052219890112052X
210203196711026052
210106198903022729
210202198205254936
440301195807014161
110106197005313622
15020419730518181X
132629197310016314
110101197901152028
370503199001220023
210204196708125785
110108196003035786
110102198009102346
210203198602275526
21022519710520013X
140829198403100019
232130198006030767
130406198710300629
210213198808302027
210102196111264135
210203198507155294
440111195806090092
BA776902
110105198702282911
210204197508065794
230802198301210761
210202198204264235
210213198504055813
21028319861018102x
21020319660807104x
210202196111271744
210726198709205925
510702196706087514
210213198212053613
210204198807150264
21020319810512601X
21020319780927311X
210204198807254303
210782198710120073
640204197903180020
210624197412031247
210782197809050015
210204198102185651
211003198109163627
210603197808183050
210204198804152192
210203197107160022
210203197608206535
210204196802191463
211102198408280013
210703197906232624
210281198411036126
220282198401232615
211003198210080826
210203197403083025
210502197912270611
210603198506080528
210725197409263815
210204198402205802
22242619881203114X
210212198005200012
220104198505272625
210203198807162023
210106198308083316
21021119751014142X
21020419830204073X
140106198604173035
142732198603043615
220202198111204518
210603198409092041
140303198601291644
210203198305104026
211102198504221515
210724198905172814
21020419490604141x
210211198503205127
211203198201080024
210703196702263221
152322198210140024
230505197205260556
210904198604251020
21020219770807692X
620102198110081164
210323198407185024
210204195610290286
230107197308190213
210211198209203163
210202198212264251
140203197909250857
210202198009146428
210211195906160927
210204196909181396
210203196907022272
210882198807270356
210727198603080323
232126198806210622
430681198608152027
152102199101302715
210282198812095318
210204196610155839
210219196809265319
152827198206186942
210202198803160729
210204197709142194
210202198202285411
210202198504195921
210202198010025439
210204198212290022
239005198405290229
21020219810415272X
210504197911080018
130682198903080340
210203197812282017
21021119750721582X
210203198508113010
230103198004055118
21021119771014457X
210282198505251720
211322198706067057
210219196510161216
210219197108210811
210281198503170824
230204196510182139
210219196809051249
210204199202184300
150104198012031526
220502198408030228
210213198612064223
210782198702280042
210204198908151004
210211198307311424
210203195304113541
210203199005156566
210204198109083068
210203198605136521
37292919810719003X
210106198803312147
11010419860305305X
152201197508311015
152601198007061042
330219197612233040
420111197011095530
130202197810060617
429004198507235537
511528198803010044
430703198210293264
21021119900917194X
410711198705301525
370683198801277629
413029197912100447
421123198501130109
130602198012210613
370103198202022537
610404197901240515
110108198704137215
330724199004162012
512533197110170018
11010819890912424X
430221198301230037
410901198303214013
13063519900306242X
130224198803088534
370983198912246610
430124198210260816
37010519810325372X
320122198910090813
411327198110264526
210682198804250025
421126198511267036
130122197910211013
411325198707150449
120104199112185521
130825198511170041
441481198503204152
420302198106201219
370283199105290048
321002198805195824
230421198301022629
110103198306011842
13060319840503061X
370725197908254176
110101198001282059
320502198210153541
110224199001290029
110101198807094014
211481198510290439
370105198108135044
110103198408120628
230225199005130552
150102198704081652
120106198007041049
640102198806302440
150423198609221125
142622199108027518
370321199104110021
320125198711072312
110102199204201934
152103198408211211
340702199102171020
342622199111015339
350600199102150012
432503197811103354
11022119721218341X
360423199012143746
130929198410091441
410503197506152031
110227198612300032
420984199008104142
422822198909050041
610481198906212668
120110197604071537
360425198910112528
410881198702053559
110108198207242727
110106199009203948
210211199108047821
110111198210038012
142602198806030044
220203198508102719
41272219910907080X
220621198411140529
110102198311260839
140110198402220029
210726198110066527
360311198907014587
371312199008125738
12010219820228127X
120105198812210611
120221198901020030
120103198901092618
152822198804206913
131182198708105411
120107199004073935
13028219870621183X
120223199108052667
341125199008293438
110107198907222122
142702199011160371
210122198803101534
42110219901202042X
130321198707130620
220581198908130239
220502199002061029
130282198812065119
130282198802101649
230102198510261911
230231198811040845
131124198804170025
130183199002101558
130682198902086644
130636198811110022
130635198703183025
411522198912210035
421003199211283522
429004198806240053
421181198711286228
410711197807171034
110104198205282551
210882199006264540
110105198311096513
110226198902205619
140431198210097626
11022319840104191X
130623197406062446
140431197707036429
232303198402024272
130821199011030463
120104196204052140
230306198412264533
210211198502147017
210203198610251014
410305198805042517
372301198601113866
220181198705074642
210281198801293427
210724199008052817
21021219870707492x
110104197512060428
230206198301240920
421022198306013626
330205196510090621
210102197104081247
110108198705290043
11010819740901682X
131181198501260020
110111198902213846
110101198407023049
131182198703011061
371121198407131511
230381198601256348
130203199106143617
210204198711096769
46000719861010201X
110111198209188646
130631199005170218
140431198905027632
371326198803195210
210602198211010518
210203196605054797
210112199103301641
220622198909035036
371424197908271214
210323198902162823
130229199209097223
110111198908296144
41040219900912562X
130403198610202117
150429198401220017
210203199205083031
420281198712282469
341202199006122919
230104198705011923
130732198008180013
420111197909174294
330521199002100264
120104198709171515
230703198703220234
110222198502132419
230803198501270319
130681198505282848
420921198412225755
110105198907081128
110107198210041233
37230119850203074X
110108198903119722
371326197602084915
120102197702200371
220202198201163625
110109199001090044
411081197806064087
411303198403290022
340827198507205418
430121198110130417
15230119690105102X
430302198911251560
371002198112281016
M5031279
14020219730817301X
230230198505130213
430503197812021025
110108198408115476
210502198208152122
421121197511084831
110102198007130845
110105197906301120
110103198101111241
110105199211136121
13098119890612293X
431228198506143215
430103198405171010
110101198210112021
142701198107170311
420583198312090109
360481198602190015
110102198701021526
110105198405205813
130102198010012114
371102198509290039
610113197602290432
420104198910282023
140411198101064811
110105198012015410
142701198108160916
360622198304172012
370802198109273958
21038119871125354X
120102198104102506
210203198703092032
650102198505106552
232700198709094489
320481198907062455
371327198809271524
23072219780707001X
110104198509060448
110111198810263643
411121198703305566
110103198302180040
220202197907184212
130227198704196213
370602198703113227
11010919650617002X
231005198501125525
512501198006190653
133001197810314643
220322198102170011
110105198711063315
110101198606275724
230302198201014061
110226198412273328
132826197704131114
120224198905100950
120101198402014022
131002198511202819
37292919840723361X
610124198707120011
110102198303312731
652826197305170011
522228197705061018
140203198610233213
612429198709144631
231025198504220339
412924197610103198
410304198602222511
22010219821030333X
110227198310220037
370703197405230414
210725197312142814
132402197807011219
110108199203313764
522328198510210458
232103198606170633
510702197805190511
220202198606233038
130684198910012277
210202198212161711
15010219901204111x
210224198510240280
210204198108171402
210204198406174310
230811198810062943
210204198309154326
210213198004223315
210211197104050178
14270119900704032X
110223198212106665
152127197707212413
320683198207134124
130103199002250316
133027198702010042
230184198807150520
210303198512062522
130129198301071624
21010219740228531X
210302198302150325
210211198409130915
330702198705260413
210204198006194515
210212198401285919
210211198808156864
210202198111161229
210211199308076758
210282198606290227
22028119820628822X
210882198301141020
210281198311056111
210282198810307815
211224197906290539
210202198504143718
210281198904102726
210204198501284294
210303198810082513
110105198308240019
500243198912221726
620421198703173318
37152419840916051X
230506199010031126
422823198707193665
22022219800529624X
140411199003174819
220382198802085324
142701198402222129
229001198701106820
210281198407036131
432522198711275195
445221198610254119
210213198411262020
220106199101149038
210603198302163030
610124198302090010
120102197912011624
120102198310091238
120104198807293831
340822198206132217
421002198501133820
341227198612213733
362301198605092028
412822198709142097
511322199101256758
42060219871022101X
310108198702031510
31010219860929449X
511527198604201829
232324197301283037
232723199011260026
120103199107233211
130430198204201935
430626198809155721
220103198408160617
622126199103271223
360104198911141015
220724199002091622
340111199008097550
232302198804200711
120112198503290463
12010419900120737X
152101199001192444
420303197806082515
310103198706136035
370982199002171312
320682198602063454
610124198407193024
130535198609053130
130229198612201014
610115198803093782
622301198607018511
370831198407095450
220402199008252226
210211198906050027
210204197209040060
210102198207230326
210504198504070650
210203198810232512
230822198501036820
210281198111107113
231024198712282028
210211198510281443
230229198612154311
232700198507170025
210105198811200018
230107197612062021
220204197809090645
152105198907161522
210211199310305521
23080319710312002X
21021119850619315X
210204198302250972
21040319921229062X
230107197111192012
230102197904272811
230121199003171421
230102197007291967
23010619740312041X
230105197802260034
210402198702012058
210104197911286110
210106198111043310
210103198302273638
210104197707060317
210105198610085519
210105198706163710
210102198712225317
210411198901103215
210111198803156229
210402198304173841
21020319820225251X
23108119901013062X
211422198704066224
220322198605080560
210202198707023724
210204198606275650
21088119860118304X
210202198607094920
130203198807081522
210504198701200020
653101198709031237
210221197605160060
210202198709073717
210202198712244214
21021119860302581X
210411198608234136
371523198704275954
232127198804090010
622827198712081927
370284198508035828
370202198302221110
370685198905313404
370784199412067210
510217198211160317
511325198702150021
370785198510122318
52263619861220002X
500236198906196954
410526198904036465
370124198612300036
41232619840728571X
370983198804042813
370781198512191821
371203198812200042
370682198703153116
410306198810270019
41092819840423243X
410184198211060034
410882198512150530
410882198205090515
413025198303196315
370282198801232617
500232199107120215
412722198702115736
50011319931021241X
372930198002135179
500222198310158510
37292519870809673X
370982198801115590
410108198601190065
430621199001077444
500113198812206912
413023198301156042
410328198604178527
50038219911216318X
370683198908319227
220284198703110640
410183198806060109
41128119920305308X
371324198205051935
371525198611271412
220203198806072116
110103198512161868
210281199010236420
220622198807064020
211303198307252811
210211198006067421
210203198809266045
210202198309192215
21021119800922316X
211221198706033955
210202199106071725
210204198809263529
210211198211091420
210203198807095924
210211198811201427
210114199202235144
210204198711024300
210282199011062342
220602198706260924
210202198201307316
210224198705061223
210211198408280428
210202198603031711
210504198912141323
231124198910260220
22018319921011382X
11010119880304153X
210902198610104040
210224198102060010
210281198305201220
230223198004280228
23042219830707192X
220283198206290322
220104198802020029
150105198408058721
342423198809214701
210222197909121729
210103198012295425
210222198003021726
21021119880420702X
210623198209091453
210204198212310724
210402198106240521
211321198502038645
210221197210050529
211422198001200220
210203198510162014
210211198308281423
210204198110275665
21020419860920097X
210204198012091459
210202197708161729
210204198912171825
210304198103121620
210204198209064868
210204197810072266
210282198906070445
210202198604245439
210203198802056512
210202196811172229
430281198303286516
211223198107011626
21041119850302321X
210202198402220727
342626197608023285
210202197310180102
110108197503266024
230803198303060337
110108198212153622
130706198411140035
110104198608040813
420122198012084415
421223198904166144
130302198710061145
371426198701100044
210213198306072014
130528198812060017
11022819881118494X
210204198307116780
410928198810051626
211321198609251075
342401198201240321
130130199308081817
131002198711270816
412322197409100010
120106198209231027
120108198704131528
232326198801143839
152630198910306212
210922199009105130
210503198811232123
431081199001051361
13020319860521151X
370785198810063081
371302199007054322
37132519880312343X
220283198707210634
220283199005103943
22050219910228043X
130203198509164549
150430198306270919
210106198811244316
220502198604090033
210521198904082278
230303198607304938
130631198709030411
220106198508120611
220602199012220914
220102198811274626
120101198907181512
220881198712084513
220802198909205838
220881198909294549
220211198808214237
230204198602171110
230281198711092617
37130219880527021X
370902199002193923
130434198907093729
130123199001177220
130204199203291220
110108198101272231
230804198704091333
412829197811212418
110108198807095724
11022919900407223X
130223198111055815
130627198904276025
430405198306160016
210105198809200422
370105199001212112
110102198209210018
420602197901071558
142201199008310013
46000719890402001X
220202198401131820
140202199204047042
371321199004093712
130434199109102445
130282198902285115
460004199209260025
110227198411175933
210102199004170647
230882198708184923
37132919870217601X
120104198903104738
341222199206097477
130225199104030027
460102199107161221
371329199002021855
131023198802260826
130582199105021628
42098319920127362X
460006199007117514
220523199005130116
120105199006144810
421023199006265718
150207198306101037
110105198305058617
110111199202045524
610113198811201621
110105198104025026
110105199009108426
142202197901303227
110222197511065719
140225199203011827
11010319771201151X
130821198103070011
110105198706065033
110101198503014513
130824198903011588
440402198709079012
620103198706281059
210381199102091412
410727199109299516
130923199006106177
230107198306172219
110101198306024026
23100319870115361X
430181199004051855
41282319870120611X
130282199005130839
130803198111300814
130204198208070027
110105198801216119
110229198812200055
120221198604070349
152103199401180656
42088119890122106X
110105199211078312
110101199302092528
411325198411271380
430723198502025427
11010519640516811X
110108198802183717
511102197708253419
120109197906110524
21052219820103003X
370881198007082013
110105198103316155
21020319881016402X
210521198706050056
211381198706210212
110105198404060012
110105198301109632
11010519850520771X
132235197905212010
422431197011102175
110224198304292211
130223198907256110
23020319890809182X
620104198802170275
110111198602028235
420983198604207841
421281199105130717
110105199102018118
370305199004026527
610113197801311611
440981198109102314
2322303198808252638
130681198607224913
110223198006251079
410225198104055518
42230119821030001X
110101198807134012
500230198603081203
1101051990092165231
37148119900725662X
130638198807303529
23210119850226064X
210727199102053049
211303199106090427
11010119921006153X
110105197907278444
130532198902174522
110105198707254610
440301198103194938
110105198809226522
230904198509230000
420105198205052413
330283198710092718
610402198712091209
421023198707103135
440301198311295426
441581198204116035
421126198701152248
211402198702105319
441425197606154228
411521199105120031
421126198410066083
342921199307010716
310115198208140432
420881198507073724
341124197007023641
130533198808251217
110106198901072710
110102198308143017
220181198104191923
A125807328
310103198512035041
310106198203071611
340503198909160219
31011519890802095X
310110197711175046
44050719900913094X
420124198009201281
310103198802285014
420281199209048485
310110198612263221
510823198612154292
410103199005280227
230124198209167027
340825199004260249
310109198009131632
140802198202270011
610102197502281919
31010919860302352X
370784198301141022
310113198809222123
142703198405023320
420117198910080968
310102198104212815
130122198106140730
320981198706220469
370283198202232013
310110198206055136
330902197510080021
421281198903066604
220322198802137802
340811197910235822
320322198912021345
310110198411220532
421123198804263646
31010819800922164X
13082819900514221X
342201199403010616
331003199007070018
371329199010172717
310110198809131011
310226198303312022
320911198103210617
310108197805012414
510812198204154497
110105198209172110
11010619880525301X
110108198405232212
131126198903052414
412822199005204127
110102197610200444
371082198706292128
411381199207116522
210502199012132116
110228198412102142
420822198511213347
20211197304250643
370283198609010420
220103198312191021
410602198602283609
230605198309231418
372925198808072372
360102199006225827
230223198205230227
342224198910231579
422823199203221292
612401198608160353
130824198810290020
