13032884249
13064001208
13249885048
13333620585
13347879584
13500700266
13521863706
13551389714
13581790454
13582336972
13598556210
13621221361
13636638551
13671737079
13673211639
13693614059
13761630911
13810752479
13811376331
13818600469
13828001724
13837711891
13840884829
13874598642
13880276744
13886377187
13907452664
13916574656
13960870451
13973086815
13973384300
13974500532
13974513923
13980780664
13996280350
13998568126
15034419477
15057519836
15104118161
15111592634
15190216846
15206315176
15254027412
15274536495
15298635370
15371505736
15373976386
15374578681
15374578682
15514192372
15516555015
15517704971
15544715927
15544715929
15544715930
15544715932
15544715935
15549488959
15562520073
15587003461
15587097401
15614679715
15615607898
15645941099
15737946614
15767952447
15835442483
15849125339
15901285300
15921553328
15928846578
15974290820
17092825349
17092825774
18036667105
18071269672
18075803855
18108181951
18111581809
18111581853
18120368024
18132661282
18140106330
18172868795
18349289447
18374617346
18384109474
18583396693
18623046418
18646693681
18653824505
18706412082
18736682366
18754111993
18858271433
18890365001
18930535305
18954126781
18994512217
 13223588973
 13350470166
 13587293078
 13792498846
 13818499263
 13941159988
 1545613390
 15666689189
 15668611580
 15698228063
 15834241260
 15864251581
 15940989086
 15968231513
 18101819078
 18604785373
 18686817501
13003121137
13006603484
13011111240
13015332324
13022937709
13031841990
13033106270
13035238723
13041631714
13042781941
13042782205
13042782252
13043049331
13048029765
13051300221
13053974003
13056862061zqg
13059028964
13061779806
13062740127
13063310628
13065059959
13065743858
13066851580刘富业
13068036373
13069388681
13071168053
13071472907
13074115520
13081452167
13082665671
13085779787
13092660156
13096344235
13096344670
13096357442
13100418701
13100620435
13100630234
13102538171
13106016065
13108178733
13117238284
13117811117
13122245199
13125190875
13132855632
13135881542
13140048585
13141452801
13144103689
13144426494
13149057700
1314xuan
13153640044
131545474984
13159422855
13161545123
13162032282
13170095250
13173943890
13177955103
13182660662
13182660819
13182662396
13183333903
13188599033
13198195106
13198811786
13198813302
13198813380
13199982162
13207244781
13207803357
13208234117
13208234120
13208234151
13208989978
13209822881
13210323837
13210565456
13213283127
13215768382
13222217331
13228271954
13230904794
13231073537
13231073717
13234066700
13240339679
13241869749
13248259431
13251007272
13257086915
13260550482
13264782729
13266606825
13267414754
13269228903
13275216869
13277707235
13277856137
13277890415
13281726914
13281726954
13282569212
13283837559
13287560359
13294047841
13295334785
13295334919
13295430855
13297962533
13298308835l
13303360454
13304088805
13311807223
13317194756
13317498873
13332142897
13333360360
13335623481
13336306780a
13339121046
13339123044
13339125493
13341271597
13342061830
13351104640
13356979498
13369160477
13376317870
13376317875
13383190950a
13384888745
13385495593
13387488266
13389251860
13389820436
13390025377
13390669607
13392341603
13394120825
13401088814
13406909109
13407601360
13409370463
13409370744
13410819172
13412762366
13413176737
13413654210
13413665171
13417562443
13419859421
13426083811
13427299271
13427610699
13430242477
13435680690
13436167102
13436640458zxl
13436983895
13437198013
13439658080
13450255170
13453905666
13454671755
13454730170
13456747131
13457280231
13459289532
13462598239
13464711765
13465946352
13467347148
13468971280
13472887694
13476272038
13478428727
13478475092
13478566644
13478646565
13478659693
13481991541
13486377713
13488702862
13489479009
13500727856
13501179298
13501292663
13501365691
13501816161
13501818983
13501849891
13504952719
13505187831
13508408160
13509740205
13513895750
13514116881
13514248763
13516802353
13516834652
13519996732
13520015191
13522662144
13522748481
13525112147
13527601709
13528860607
13533534751
13535074933
13535402522
13535402698
13535403106
13535403255
13535442151
13535461203
13536057104
13537731387
13539392882
13544524406
13551915609
13552329235
13554024509
13554100790
13555916589
13555958261
13555967887
13557537120
13558230396
13559436619
13560013491
13561188510
13562778319
13564012032
13564090167
13564841749
13565229140
13567286135
13571963092
13580889015
13581305073
13581556052
13581632819
13584298775
13585502899
13585819194
13587595653
13588078974
13589706114
13590385976
13591161211
13591316460
13591365210
13591821826
13591880726
13591912855
13593371207
13593568504
13598392909
13600060898
13601753980
13601973373
13602406016
13605626925
13609553774
13611217133
13611619071
13611651985
13611676725
13611719666
13614750828
13614855530
13615266693
13615317788
13617777881
13618345553
13618634498
13621112211
13621317186
13624093566
13624119123
13624144855
13626398862
13627733275
13627796045
13629414450
13631758953
13632456135
13633644373
13636396964
13641209003
13641631787
13642715365
13645208754
13650206030y
13651946093
13652477317
13653489446
13653597666
13655420535
13655534166
13656670447
13656711999
13658029965
13660329257
13660329428
13660329528
13660329529
13660329571
13660330610
13660443717
13660639280
13660639376
13660639805
13660639853
13660640258
13660640276
13660640308
13660640358
13660640538
13660706291
13660706849
13660707547
13660765374
13660783376
13660783428
13660783493
13660783560
13660783579
13660783670
13660783748
13660783785
13660783820
13660783935
13660793411
13661312860
13661326104
13661457040
13661708728
13661939565
13662327459
13663594583
13664548957
13667066927
13668957376
13668957956
13669710335
13675814539
13675885731
13675952305
13679435506
13681886747
13683110850
13683348782
13683537156
13683645461
13683668961
13683987054
13685026321
13685764012
13691359302
13691921960
13693313333
13693500522
13693766607
13693768650
13698673624
13699058679
13700087065
13701053851
13701207880
13701329628
13701384958
13705152660
13707990867
13714688359
13714750383
13717286425
13718017545
13718754940
13718831618
13720903084
13720903391
13722499543
13724156722
13724173155
13724810152
13725190944
13730297360
13731612523
13731990402
13732968517
13734290353
13735598129
13750843819
13752834725
13753370379
13753738096
13757690769
13758547087
13760621047
13760777599
13761222016
13761330108
13761688722
13761765977
13761929586
13764406599
13768199925
13770882096
13774210807
13774239220
13775188128
13775828092
13776629127
13776658772
13781455697
13781465120
13783594112
13784275024
13784367315
13785821029
13788989168
13791489566
13792875357
13793409186
137937062992677
13794935454
13796624310
13801319921
13801872435
13804605283
13804964253
13804966097
13810090227
13810116429
13810267060
13811364058
13811431503
13811729111
13816242617
13816392883
13816566719
13816651506
13816768840
13816955246
13816960816
13817141558
13817172111
13817361290
13817568495
13817750781
13818808495
13819809040
13822252022
13824439377
13824849960
13826068501
13826279868
13826438848
13828408618
13835066088
13835983181
13836105901
13836675048
13840612984
13840865817jun
13840953340
13840999040
13842751718
13842756326
13842806407
13849245390
13850672719
13851856190
13854306568
13854908369
13857752130
13867451965
13868937324
13873788634
13874844966
13875490130
13875847139
13877500309
13879156252
13880670051
13884798575
13884798720
13889214546
13889334560
13889572789
13897671054
13898465527
13898476616
13898731361
13901300008
13901378733
13901722497
13901897847
13904116191
13905158078
13906508656
13907990989
13908717675
13910227240
13910237624
13910292337
13910602654
13910789219
13910805195
13911001217
13911118424
13911123238
13911175350
13911708512
13911924050
13911924714
13913221144
13913263434
13913860135
13913861549
13913905584
13914878555
13915414570
13916099024
13916104459
13916494319
13916867543
13916901926
13917064061
13917073636
13917131415
13917181000
13917934668
13918172599
13918543690
13918739974
13918947793
13919273234
13920225357zj
13922992053
13922992519
13922992639
13928850723
13930363164
13934527004
13935259771
13936007698
13938496768
13940864395
13940890418
13940893186
13940900663
13941142872
13942061707
13942867909jun
13942899820
13943887508
13948901235
13948901236
13951671502
13951829285
13952003722
13956286570
13960170017
13962760438
13964135025
13964649578
13968020117
13968883788
13969526553asd
13972772341
13975161059
13977537040
13979180765
13983007914
13983969781
13987600730
13990795601
13991505039
13995959610
13998460205
13998499870
13998587411
13998604045jing
13smile
1403336322
1442
14706181240
14706181542
14706183149
147124187
14716857898
147258963
14759204296
14782313957
14795110110
14795110628
14smile
15000203236
15001291698
15002346646
15002508771
15004142225
15005438736
15006633330
15007201853
15011000182
15011711366
15011760746
15011819561
15012821764
15013847572
15018361184
15018479056
15019423805
15020960798
15021151015
15021652898
15021804090
15021888045
15029546899
15030812589
15031478081
15034567876
15035357504
15039760917
15040012305
15040767340
15042490623
15050893515
15052309606
15052609292
15054319226
15061497908
15062121156
15068133815
15068850360
15070785781
15071237262
15072466976
15077038427
15077044287
15077872202
15078381850
15079714625
15080290072
15081568753
15083924300
15094783058
15104064625
1510848014
15111198847
15111281112
15112185727
15112601718chen
15113069663
15117964410
15120003889
15120033044
15123214921
15124150608
15127868229
15132595170
15137602337
15137612213
15140517725
15142969063
15155402860
15158112080
15161591014
15162006567
15162517220
15163105805a
15164003516
15166318011a
15168128526
15168493118
15171416825
15176100458
15176738278
15177080460
15177081461
15195023810
15203289326
15203562678
15203573025
15210016720
15217139735
15221099707
15221173934
15221306068
15221559882
15221651886
15224011922
15224503856
15224722080
15226134482
15233512722
15234018747
15234419306
15235492682
15236816556
15239724496
15242699978
15249247742
15250382107
15251507491
15261609570
15262326355
15263231880
15265828816
15266185993
15269399658
15271948662
15274951514
15279630647
15291992866
15295600453
15295600484
15295600485
15295600642
15295600743
15295600784
15295601144
15295601240
15295601496
15295601704
15295601747
15295602491
15295602543
15295604024
15295604265
15295604304
15296436497
15296440459
15296444023
15296444937
15296469076
15296505516
15299284580
15299294070
15311420298
15311459889
15311468451
15313349591
15313349592
15313691588
1531393223
15325677794
15327358048
15327365151
15342216821
15345596038
15359639130
15359639670
15361084881
15385621959
15391555252
1541197250
15501685700
15502177515
15504118617
15515388984
15520401201
15520405979
15520415810
15520463747
15526245490
15527472804
15537259813
15537578851
15537578851
15538470090
15541100708
15541105577
15541105777
15541916733
15542626707
15542682995
15545407446
15545407447
15549846152
15549846155
15549846157
15552819668
15554321921
15555050335
15557196012
15566079096
15566900909
15568476269
15572309889
15572845875
15575004342
15578122583
15578122587
15578165472
15578437302
15578521802
15578534326
15578541282
15581200350
15581464558
15588351252a
15599019399
15601693912
15601729518
15603384167
15604542847
15605380992
15606102949
15615589585
15615642118
15617918365
15619891218
15622280223
15623034443
15625564226
15625588074
15628716071
15638529930
15638680631
15641381575
15641394335
15651287668
15653314135
15655263975
156565181
15657450124/赵汝全
15658320138
15658689474
15659598776
15665894565
15666416316
15670249106
15671277314
15671278104
15671278482
15677127882
15677339335
15681240984
15688885746LGL1973
15698171763
15707714135
15707714145
15707714213
15707714415
15712160257
15713289710
15718481014
15723294956
15727283453
15733332043wo
15733605461
15737760475
15738342224
15738345426
15738346042
15738404509
15754540793
15757187097
15757828649
15759581120
15760562950
15777203754
15777964247
15777964627
15778398937
15779414729
157zhangfeng
15800564007
15801019776
15801699296
15802315571
15803564629
15803880895
15805157599
15805692394
15806320018
15808849391
15810096451
15810427444
15811893454
15812644253
15814248481
15817086439
15821129961
15821197690
15821228911
15821826317
15831645428
15836909100
15839767410
15840563226
15840800007
15840866075
15840869189shi
15840959079y
15840985165
15841127197
15842498225
15842650917
15842778558
15850715677
15851487055
15857524966
15859350648
15860513484
15861416650
15861416676
15866186268
15866235698
15867980184
15869149147
15871429583
15874325aapp
15874890275
15877175394
15877176727
15877326039
15880341194
15882139744
15884928262
15889453724
15890022385
15898192253
15899972417
15900299946
15900765833
15901031474
15901085284
15902019949
15903358502
15904615485
15904951116
15905812720
15907179335
15909856397
15911085693
15914370767
15915775829
15915796754
15917480478
15918515360
15919029371
15919458670
15920266206
15921085858
15921558718
15921999768
15922511518
15922738625
15926043885
15927697363
15928499965
15930135733
15935444270
15938955300
15940501707
15941111090
15941162712
15942093282
15942484906
15942490547
15942839996
15950539205
15951029461
15951867940
15951987078
15955419976
15961198381
15961451211
15962476202
15962476949
15965119996
15965119998
15967001605
15967433011
15973718844
15974320105
15980566115
15980587420
15985133946
15988691042
15993793708
15994225471
15995287408
15995519673
15996450007
15996944342
15998405211
15999582013
15smile
16smile
17090368632
17092240416
17097060701
17701320331
17703811258
17712414529
17731299901
17746514769
17smile
18001104682
18003277791
18012404595
18012964875
18013169958
18015028021
18015161799
18016060396
18018215069
18018255101
18022008896
18031137217
18042846673
18052124543
18052286765
18055302398
18057658278
18059052237
18061020831
18061796960
18068580122
18069377666
18069752323
18074816632
18081558321
18087821013
18092917657
18095197210
18101888680
18114510708
18115135517
18115258225
18119627095
18120172690
18121070788
18121216599
18144778311
18151554335
18151985696
18155057386
18162594185
18165197360
18170169768
18171022883
18171022925
18177227976
18182687109
18188022656
18201686855
18206565228
18210900183
18210999172
18215606362
18217530741
18218018341
18221156340
18225903119
18225906121
18225906771
18225909218
18232362499
18235490851
18242752053
18251986957
18254486879
18257337070
18259106095
18260830347
18260830440
18261563462
18262292012
18266121029
18266501399
18269082408
18276164405
18276183367
18276185747
18277710199
18282625329
18297300516
18297301632
18297323935
18299953975
18300092147
18307728596
18310068368
18310126422
18318712481
18321718721
18321901328
18326941980
18330804179
18338930440
18338930624
18339502342
18341280503zyq
18348087997
18352208849
18359100726
18359117696
18376004572
18376009447
18376040446
18376044752
18376843385
18376921893
18377105743
18377178292
18377200924
18381657374
18387788060
18389592557
18404977557
18435107099
18439528931
18501421317
18501480113
18503406193
18505121002
18505146176
18508128727
18508430815
18510355503
18510812015
18511285318
18512525271
18514028001
18520966325
18521532614
18525361888
18537593188
18538562607
18538562627
18547169019
18551228252
18563603152
18563848683
18566470668
18571801181
18575678805
18577555952
18581662326
18588251097
18589831972
18591616557
18600295297
18600890529
18600966640
18601283477
18601538463
18603457827
18603616906
18603662973
18604520756
18605557004
18606419924
18609838812
18610081150
18610263745
18610271919
18610290242
18610705560
18611272877
18611283355
18611588824
18611666947
18612213987
18612981073
18613210678
18615166130a
18616025569
18616790426
18618142329
18618237196
18620329870
18620803831
18622609018
18623752129
18624036028
18626024872
18626407346
18626464140
18627830265
18629428655
18631155597
18631972728
18632155665
18635966236
18636373841
18640225193
18640802520
18640819520
18640907660
18640936151
18641108808
18642072095
18642126299
18642629799
18643060771
18651239032
18652982500
18652992576
18653824924
18653851518
18656082254
18657120082
18658395815
18660156657
18660791775
18661772322
18661833077
18662186628
18666134532
18667011185
18667044774
18670792041
18673529495
18674021187
18674021235
18675001071
18676702515
1867719097
18679151468
18679650886
18679657310
18680708723
18682898877
18686856837
18688191179
18688886083
18688933241
18691528953
18696325630
18698660098
18698660103
18698660107
18698660801
18698660990
18698765524
18700232546mj
18701288081
18701782603
18702396670
18702711187
18705053073
18710096283
18717826880
18717899782
18730129855
18731889601
18732895973
18735815130
18738653271
18742474300
18746767533l
18750557505
18758193966
18758234629
18764576686
18766319275
18766525821
18766529083
18767134399
18768189530
18773785034
18775837255
18778033780
18778036750
18780221760
18783967450
18795838255
18796217221
18796226867
18796307303
18803832020
18803837809
18803837890
18803910609
18810671536
18810768076
18810863878
18815281664
18815484074
18815484084
18816671916
18817834837
18819256667
18824144569
18833576088
18840878474
18841183988
18842675942
18842810223
18870017620
18871542400
18871544934
18878950457
18894140521
18901477909
18902175162
18904050620
18908774996
18909071564
18910691649
18914057247
18917062106
18918259150
18918306528
18923371176
18924523736
18926177471
18928074006
18930055531
18930389686
18931641072
18932779936
18933979978
18938020373
18939729306
18941085288
18949347628
18951220167
18956266349
18956266443
18957142809
18964592601
18964636713
18971391245
18976865988
18983743307
18988978021
