13025024027
13032884249
13049733499
13064001208
13065651404
13113997467
13122529295
13180873606
13240334636
13262940220
13264197275
13264780497
13276098874
13276099574
13325015668
13333620585
13347879584
13367589095
13368393154
13394862296
13409376442
13409376457
13410379748
13417458253
13462830880
13472513177
13500700266
13503142651
13504267115
13510517449
13521863706
13551389714
13573897671
13581790454
13582336972
13591139783
13591192344
13592431547
13592431549
13592431674
13598556210
13605968640
13621221361
13631397097
13636638551
13667337967
13671737079
13673211639
13681908936
13693614059
13726232119
13760745285
13761186036
13761630911
13798426435
13798426465
13810752479
13811376331
13817927688
13818600469
13821496882
13828001724
13837711891
13840884829
13840956692
13874598642
13880276744
13886377187
13888730806
13895241781
13907452664
13916574656
13917080875
13925731377
13936394667
13941343954
13942822820
13960870451
13969766492
13970737139
13973086815
13973384300
13974500532
13974513923
13980780664
13991718215
13996280350
13998568126
15018700370
15034419477
15040501319
15049816685
15053815584
15057519836
15100502525
15104118161
15111592634
15138073760
15139689835
15175919340
15190216846
15206315176
15254027412
15274536495
15298635370
15371505736
15374578681
15374578682
15377553755
15506992486
15514192372
15516555015
15517704971
15542116649
15544715927
15544715929
15544715930
15544715932
15544715935
15549488959
15562152870
15562520073
15583348365
15587003461
15587097401
15611452986
15614679715
15615607898
15645941099
15651118676
15709556220
15710799215
15737946614
15767952447
15814623180
15818728773
15820805023
15833314875
15835442483
15849125339
15874255925
15901285300
15920573659
15921553328
15928846578
15941177160
15974171459
15974290820
15975526606
15983389475
15989594561
17091959113
17092825349
17092825774
17094046942
17702151080
18014757805
18017366935
18036667105
18071269672
18075803855
18098974080
18108181951
18111581809
18111581853
18120368024
18132661282
18140106330
18147801000
18155122213
18155122287
18169166161
18169166162
18172868795
18201938935
18236478905
18241178105
18290564547
18321074549
18321609647
18349289447
18374617346
18384109474
18407496002
18583396693
18610034635
18623046418
18645416083
18646693681
18653824505
18691722980
18706412082
18753777102
18754111993
18804369252
18814098501
18858271433
18890365001
18915400603
18930535305
18954126781
18964663580
18994512217
 13032892118
 13077954402
 13223588973
 13277949843
 13328126583
 13350470166
 13435901681
 13507954919
 13587293078
 13792498846
 13818499263
 13941159988
 15313357706
 15366914278
 1545613390
 15618800425
 15666689189
 15668611580
 15698228063
 15834241260
 15864251581
 15940989086
 15968231513
 18021321242
 18041128284
 18061838467
 18101819078
 18604785373
 18686817501
 18742063607
13003121137
13003531087
13006603484
13011111240
13014003487
13015332324
13020018529
13022937709
13023902429
13025074434
13025074464
13025834950
13027799311
13031841990
13033106270
13033115375
13035238723
13035306438
13036228750
13039626729
13041032300
13041631714
13042781941
13042782205
13042782252
13042798608
13042798852
13042800119
13042818825
13042819825
13043049331
13044246987
13044262767
13048029765
13048974197
13049319591
13049825958
13050551277
13050588169
13051300221
13051338120
13053033953
13053369335
13053548890
13053947029
13053974003
13056862061zqg
13058851087
13059028964
13061779806
13062740127
13062800761
13063012315
13063193093
13065059959
13065743858
13066035476
13066583140
13066605000
13066851580刘富业
13068036373
13069388681
13071168053
13071472907
13072804842
13072807492
13073798363
13074115520
13074131499
13075511838
13075812991
13079008784
13079009034
13080346821
13081452167
13082665671
13083168082
13084135140
13084782816
13085779787
13088060547
13088060640
13088145395
13088145507
13088145512
13088711783
13092660156
13095681572
13096344235
13096344670
13096357442
13098319207
13100418701
13100620435
13100630234
13100661086
13102129194
13102538171
13106016065
13108178733
13109176712
13109395055
13110602101
1311359609
13114359305
13114481881
13114857288
13117238284
13117591866
13117690704
13117811117
13118141233
13118901298
13119625326
13121522911
13122245199
13123477531
13123701989
13125190875
13125465219
13128010943
13129852550
13132598569
13132855632
13133064784
13133196541
13133294501
13133803383
13135881542
13138628106
13138926248
13140048585
13141452801
13142117408
13144029055
13144103689
13144426494
13144905422
13144905434
13144905625
13144913117
13144913284
13144913296
13145210601
13145422226
13146151929
13147652641
13148358303
13148491969
13149057700
1314forever
1314xuan
13152106865
13153640044
131545474984
13155346533
13157324843
13159422855
13161545123
13161790818
13162032282
13163937232
13165972531
13170095250
13173194972
13173943890
1317707958
13177955103
13180347823
13182660662
13182660819
13182662396
13183333903
13188599033
13190197735
13191527374
13192580080
13194113386
13198195106
13198811786
13198813302
13198813380
13199156729
13199982162
13202433678
13203941874
13205127199
13206112797
13207244160
13207244312
13207244681
13207244685
13207244781
13207244850
13207803357
13208234117
13208234120
13208234151
13208976911
13208989978
13209822881
13210323837
13210565456
13210749197
13213283127
13215768382
13217104402
13218218459
13221415530
13222217331
13227541148
13227541484
13227541543
13227552853
13228162624
13228162645
13228271954
13230904794
13231073270
13231073537
13231073717
13231073858
13231075011
13234066700
13237393266
13240339679
13241869749
13244951389
13244951433
13245082660
13246858957
13247569811K
13247716932
13248210276
13248259431
13249887862
13250260566
13251007272
13252171702
13252480648
13252816115
13252816117
13252817269
13252935257
13253577907
13257086915
13260550482
13261958885
13262216063
13263490461
13263645799
13264716701
13264782729
13265693356
13265835429
13266606825
13267306609
13267414754
13267418097
13267662721
13268054791
13268709008
13268764131
13275216869
13277047883
13277208818
13277271783
13277272032
13277666924
13277707235
13277856137
13277890415
13280042616
13281141886
13281726914
13281726954
13282569212
13283837559
13283909751
13287950588
13289133937
13289133980
13289133983
13290219559
13290350901
13291868962
13293167061
13293799811
13294047841
13295111641
13295334785
13295334919
13295430855
13296658144
13297298107
13297962533
13298308835l
13301169117
13302028370
13303360454
13304088805
13305732568
13311096335
13311361071
13311807223
13313925308
13315902431
13317194756
13317498873
13318702015
13319272049
13323199223
13323710795
13328866937
13330471989
133319182
13332142897
13333360360
13335623481
13336303991
13336306780a
13339121046
13339123044
13339125493
13341271597
13341275390
13342061830
13343619418
13351104640
13356979498
13357735955
13360362090
13363738836
13364250008
13365089773
13369160477
13370397345
13376317870
13376317875
13377608272
13383190950a
13384888745
13385495593
13387488266
13388624848
13389251860
13389820436
13390025377
13390669607
13392341603
13393777979
13394120825
13396832682
13397731675
13397733916
13401088128
13401088814
13401138109
13403483125
13405335096
13405372188
13406909109
13407601360
13409370433
13409370463
13409370473
13409370742
13409370744
13410819172
134124A
13412762366
13413176737
13413654210
13413665171
13414568130
13416186964
13416358890K
13416734303
13416734346
13416734463
13417562443
13418990635
13419859421
13420009967
13420314752
13421169529
13421350649
13423786774
13424281091
13425512469
13425537445
13426083811
13426198843
13426833081
13427299271
13427610699
13428165423
13428976893
13430208781
13430242477
13430247442
13430288571
13430326275a
13430796647
13433152117
13434278355
13434278784
13434286443a
13435680690
13435958062
13436167102
13436640458zxl
13436983895
13437198013
13439658080
13439852660
13450255170
13450466802
13451090088
13453905666
13454671755
13454730170
13456747131
13456766025
13457280231
13457283504
13459289532
13459516194
13459516624
13459520857
13459530032
13462141424
13462141452
13462470200
13462598239
13464711765
13465343227
13465946352
13466322380
13466683060
13466760239
13467347148
13472624684
13472887694
13474031356
13475434906
13475434926
13475961824
13475963467
13476151766
13476272038
13478413321
13478418243
13478428727
13478464570
13478475092
13478566644
13478587887
13478646565
13478659693
13481990935
13481991541
13481991880
13482074458
13483538349
13484290146
13486377713
13488671553
13488702862
13489479009
13489520774
13500711792
13500727856
13500785433
13500796571
13501179298
13501292663
13501365691
13501602220
13501816161
13501818983
13501849891
13501904095
13502010427
13502162016
13504952719
13505187831
13505921831
13508408160
13509740205
13511051256
13511295170
13512262505
13513895750
13513999740
13514116881
13514248763
13514851001
13515692687
13515950913
13516006315
13516802353
13516834652
13519996732
13520015191
13521470819
13522227500
13522620720
13522662144
13522748481
13522872994
13523006840
13523183475
13523198741
13523199584
13524923635
13525112147
13525651687
13527601709
13531758703
13532196299
13533534751
13535074933
13535398611
13535402522
13535402698
13535403106
13535403255
13535442151
13535461203
13535860236
13536057104
13537731387
13539392882
13539407295
13541223165
13543057838
13544010967
13544072386
13544316701
13544323641
13544331035
13544524406
13545219212
13550039601
13550290616
13550456556
13551915609
13552226185
13552291570
13552329235
13554024509
13554100790
13555916589
13555958261
13555967887
13557537120
13558230396
13559436619
13560013491
13560023032
13560806848
13561188510
13562305159
13562305359
13562325079
13562325709
13562778319
13564012032
13564090167
13564508919
13564539602
13564841749
13565229140
13566462279
13567286135
13569278597
13569660709
13573107134
13575628259
13575738557
13576299892
13580356687
13580889015
13581305073
13581556052
13581632819
13581644641
13581734088
13581950019
13582819816
13583064977
13583282213
13583288495
13583346935
13584298775
13585502899
13585819194
13587453869
13587595653
13588078974
13589677225
13589706114
13589864722
13591103180
13591161211
13591316460
13591335112
13591352000
13591358165
13591365210
13591456869
13591670416
13591750528
13591820938
13591821826
13591880726
13591912855
13592992014
13593371207
13593568504
13595856006
13598392909
13598872523
13599069150十1过目不忘
13599508076
13600060898
13600910558
13601252191
13601407611
13601545881
13601617570
13601669518
13601677518
13601753980
13601973373
13602406016
13602787909
13604088180
13604099137
13605569361
13605626925
13606548863
13608449418
13608680140
13609553774
13610645230
13611217133
13611359507
13611592342
13611619071
13611651985
13611662781
13611676725
13611719666
13614222782
13614588324
13614750828
13614855530
13615266693
13615317788
13617777881
13618345553
13618634498
13621112211
13621206749
13621317186
13621722272
13624067216
13624093566
13624119123
13624144855
13626398862
13627733275
13627796045
13629414450
13630215824
13631210860
13631758953
13632346063
13632456135
13632531561
13633644373
13634378854
13634586169
13634612626
13635363271
13636396964
13639672927
13641209003
13641631787
13642715365
13643839853
13645161504
13645208754
13645933861
13648060664
13649867361
13650206030y
13650316192
13651946093
13651994180
13652252213
13652477317
13653489446
13653597666
13654110518
13654620540
13654951314
13655341032
13655420535
13655534166
13655567960
13656032749
13656453380
13656453381
13656494390
13656576889
13656670447
13656711999
13658029965
13658251789
13658671625
13659170028
13660329257
13660329428
13660329528
13660329529
13660329571
13660330610
13660443717
13660639280
13660639376
13660639805
13660639853
13660640258
13660640276
13660640308
13660640358
13660640538
13660706291
13660706849
13660707547
13660765374
13660783376
13660783428
13660783493
13660783560
13660783579
13660783670
13660783748
13660783785
13660783820
13660783935
13660793411
13661312860
13661326104
13661457040
13661708728
13661939565
13661968796
13662327459
13663594583
13664548957
13664971546
13666076493
13667066927
13667110702
13668957376
13668957956
13669710335
13671195129
13671678786
13671840262
13671992052
13672588990
13672700050
13673688915
13675814539
13675885731
13675952305
13678618416
13678898637
13679435506
1367qw
13681209498
13681331308
1368143
13681695442
13681886747
13683110850
13683161000
13683348782
13683537156
13683645461
13683668961
13683837726
13683987054
13684976690
13685026321
13685764012
13689959962
13690414456
13691069915
13691359302
13691921960
13693029510
13693313333
13693500522
13693766607
13693768650
13693955188
13695957787
13696413673
13697152490lyz
13698307672
13698673624
13699058679
13700028210
13700087065
13700112178g
13700759167
13701053851
13701103509
13701207880
13701329628
13701384958
13701822886
13701866744
13701941516
13702042562
13702188098
13703412505
13703583673
13704282595
13704334820
13705152660
13705982679
13707990867
13709826619
13710109371
13711212378
13711266209
13713801752
13713863804
13714688359
13714750383
13714893465
13716354100
13716370233
13717286425
13717866767
13718754940
13718831618
13720370458
13720903084
13720903391
13722499543
13723403791
13723964867
13724113151
13724156722
13724173155
13724810152
13725190944
13726229350
13728371898
13730297360
13730381479
13730796879
13731612523
13731636937
13731990402
13732202848
13732205781
13732968517
13733204400
13733457015
13734290353
13735213708
13735277458
13735598129
13735958767
13750843819
13751502984
13751878936
13752116716
13752522427
13752834725
13753738096
13757617723
13757690769
13758547087
13760621047
13760777599
13761222016
13761330108
13761609049
13761675238
13761688722
13761765977
13761786698
13761929586
13761999087
13763353qw
13763373950
13763511573
13764406599
13764865986
13766308909
13766332435
13767039801
13768199925
13770882096
13771659625
13773033145
13774210807
13774239220
13774350528
13775188128
13775533468
13775828092
13776507306
13776629127
13776658772
13778336962
13778361280
13778374762
13779223308
13780016650
13780657003
13781455697
13781465120
13782844676
13783594112
13784275024
13784367315
13784615115
1378515707a
13785821029
13786603648
13787257644
13788989168
13789937392
13790429658
13791042934
13791489566
13792875357
13793161306
13793402034
13793409186
137937062992677
13794849416
13794881725
13794935454
13795191077
13795691575
13795968856
13796624310
13797332081
13798a437389
13799252739
13801171764
13801319921
13801872435
13801900253
13803139984
13804605283
13804964253
13804966097
13806736107
13807211015xkj
13810031207
13810090227
13810095431
13810116429
13810215290
13810267060
13810351986
13810389633
13810460690
13810526307
13810587762
13810645241
13810661765
13810736451
13810840563
13811025518
13811285340
13811364058
13811431503
13811535625
13811615622
13811681079
13811729111
13811729207
13811989748
13812044743
13812919201
13813042870
13813376213
13813890583
13813947282
13814074388
13815201602
13815854624
13815882733
13816242617
13816392883
13816566719
13816567664
13816651506
13816768840
13816772877
13816955246
13816960816
13817141558
13817172111
13817361290
13817568495
13817750781
13817799451
13818483229
13818808495
13818957065
13819034404
13819399358
13819399368
13819525595
13819809040
13820873809
13821226766
13821269866
13822252022
13822357133
13824439377
13824605459
13824849960
13826068501
13826279868
13826438848
13826786363
13826792160
13827418073
13827697197
13828408618
13833872469
13834635249
13835066088
13835983181
13836105901
13836675048
13836693156
13840302138
13840612984
13840827166
13840859626
13840865817jun
13840902088
13840917158
13840953340
13840999040
13841130627
13842653981
13842751718
13842756326
13842806407
13842812067
13842824581
13842999055
13844082651
13845388906
13845927406
13849245390
13849599416
13850476116
13850507495
13850672719
13850766801
13851856190
13851926672
13852539556
13853365652
13854104007
13854118482
13854273537
13854306568
13854908369
13856989265
13857752130
13858378221
13859065667
13862260018
13862260018
13866187228
13867451965
13868937324
13869778615
13872106892
13873788634
13874844966
13875490130
13875847139
13876082535
13877500309
13879156252
13880368826
13880670051
13882238227
13884798575
13884798720
13889110130
13889214546
13889334560
13889461530
13889555838
13889572789
13889612796
13889624477
13889682803
13889828315
13889859417
13892811994
13894281026
13896787820
13897671054
13898159969
13898465527
13898476616
13898658923
13898731361
13898837359
13901300008
13901378733
13901722497
13901897847
13904116191
13905158078
13905745542
13906218215
13906508656
13907990989
13908249338
13908717675
13910227240
13910237624
13910242119
13910292337
13910602654
13910691682
13910789219
13910805195
13911001217
13911024735
13911053533
13911118424
13911123238
13911175350
13911703163
13911708512
13911715166
13911924050
13911924714
13913197565
13913221144
13913263434
13913856702
13913860135
13913861549
13913905584
13914878555
13915009966
13915414570
13916099024
13916104459
13916398042
13916494319
13916528053
13916867543
13916890703
13916901926
13917064061
13917073636
13917131415
13917148742
13917181000
13917206403
13917716936
13917934668
13918131845
13918172599
13918543690
13918739974
13918947793
13919273234
13920062193
13920225357zj
13920625592
13920631793
13920671986
13920674929
13920872873
13920952826
13921812042
13922033760
13922199223
13922992053
13922992519
13922992639
13925584409
13925704401
13926266567
13926505158
13926828113
13928850723
13930363164
13933835596
13934527004
13935259771
13936007698
13936928749
13937640452
13938496768
13939186179
13939692076
13940221261
13940294045
13940315275
13940802217
13940805070
13940809415
13940864395
13940871043
13940872663
13940890418
13940893186
13940900663
13940906812
13940913223
13940921636
13940956165
13941137387
13941142872
13941147080
13941836855
13942029364
13942033392
13942061707
13942065832
13942069763
13942084864
13942088227
13942659393
13942814546
13942832180
13942867909jun
13942899820
13943887508
13944182981
13944212898
13946065149
13948501983
13948901235
13948901236
13951671502
13951829285
13951885219
13952003722
13952207024
13952411542
13954132435
13955535682
13956286570
13956513107
13959707209
13960170017
13960307120
13960734328
13961366023
13962456518
13962523189
13962760438
13964135025
13964409559
13964649578
13966347894
13968020117
13968883788
13969208875
13969490939
13969526553asd
13969559378
13970013240
13970045931
13970949350
13971135154
13972772341
13975161059
13976665305
13976981988
13977537040
13979180765
13979542840
13979552899
13982236680
13983007914
13983626816
13983969781
13987600730
13990795601
13991505039
13994235711
13995959610
13996718801
13997597857
13998156758
13998172648
13998323628
13998415959
13998460205
13998499870
13998511145
13998587411
13998595291
13998604045jing
13998698822
13998698823
13998821123
13smile
1403336322
1442
1461755423
14706181240
14706181542
14706183149
147124187
14716857898
14718384385
147258963
14741108725
14759204296
14762615602ysq
14777874289
14777881529
14777884255
14780122186
14781414061
14782313957
14795110110
14795110628
14795255982
14smile
15 62475431
15000203236
15000909854
15001026769
15001166223
15001192348
15001291698
15002346646
15002508771
15003457512
15004142225
15004166778
15004754142
15005438736
15006633330
15007201853
15010178688
15011000182
15011711366
15011760746
15011819561
15011924351
15012817118
15012821764
15013144081
15013844380
15013847572
15014158271
15016085042
15018223337
15018361184
15018479056
15019423805
15020960798
15021151015
15021652898
15021804090
15021888045
15024045029
15028649547
15029546899
15030812589
15031478081
15034152434
15034567876
15034598882
15035357504
15036506428
15037532133
15038323460
15038333259
15039760917
15040012305
15040703389
15040767340
15041144141
15041158908
15041181058
15042355667
15042484225
15042490623
15043713480q
15050893515
15052309606
15052609292
15052885760
15054319226
15056975897
15057772248
15057772774
15059203564
15059203843
15061497908
15061751992
15061833248
15061834242
15061834247
15062121156
15066488340
15068133815
15068458261
15068850360
15069059524
15069066245
15069066264
15070785781
15071237262
15072059150
15072466976
15077038427
15077044287
15077872202
15077903090
15078381850
15079330516
15079714625
15080290072
15081568753
15083924300
15084928818
15088977224
15089330898
15092233386
15094783058
15099917629
15100622305
15104064625
15105690028
15106778616
15107102184
1510848014
15110701931
15111198847
15111281112
15112185727
15112485070
15112601718chen
15113069663
15117964410
15120003889
15120091346
15121004628
15123214921
15123869981
15124150608
15127868229
15131446828
15132595170
15132769232
15136420795
15136451151
15137259902
15137602337
15137612213
15137946422
15140517725
15142719888
15142969063
15143500540
15145434806
15149984111
151503955
15153924074
15154189547
15154190460
15155402860
15157425170
15158017037
15158112080
15159168304
15159170021
15159170025
15161216618
15161316029
15161591014
15162006567
15162517220
15163105805a
15164003516
15165789791
15165967883
15166291758
15166318011a
15167004717
15167113472
15167113565
15167113733
15168128526
15168493118
15169897494
15171416825
15176100458
15176738278
15177080460
15177081461
15177326730
15180664177
15181808422
15186957849
15188459066
15188493834
15194010637
15195023810
15196662623
15197266010
15197817101
15200802924
15201000530
15201228966
15201394683
15201429990
15201969910
15202149845
15202155613
15203289326
15203562678
15203573025
15205184199
15206766212
15210016720
15210686682
15210694387
15215163935
15216080265
15216136682
15216758856
15217139735
15221099707
15221173934
15221306068
15221316616
15221559882
15221613248
15221651886
15222588353
15224011922
15224503856
15224722080
15224976828
15226134482
15232550020
15233300432
15233512722
15233654614
15234018747
15234419306
15235492682
15236085542
15236816556
15237110640
15237378627
15239007014
15239028400
15239724496
15241157861
15242699978
15249247742
15250382107
15251507491
15252286812
15257504223
15258075675
15259185008
15259203844
15261609570
15262326355
15262750523
15263231880
15265828816
15266185993
15267013045
15267503294
15268623344
15269260500
15269399658
15270504502
15271948662
15274951514
15275257852
15279630647
15281872463
15281887974
15288765470
15288872821
15291992866
15295600453
15295600484
15295600485
15295600642
15295600743
15295600784
15295601144
15295601240
15295601496
15295601704
15295601747
15295602491
15295602543
15295604024
15295604265
15295604304
15296436497
15296440459
15296444023
15296444937
15296469076
15296505516
15297914919
15299284580
15299294070
15303807678
15303837503
15305786092
15311420298
15311459889
15311468451
15313349591
15313349592
15313691588
1531393223
15315112623
15315696598
15317830831
15320052829
15322665564
15325677794
15327358048
15338582805
15342216821
15345596038
15355011919
15359639130
15359639670
15361084881
1536502998
15365380563
15369689899
15373193078
15374541642
15376775096
15381888991
15381888997
15385621959
15389812084
15390983875
15395880273
15397072442
1541197250
15501685700
15501881919
15502177515
15502197968
15503212996
15503497555
15504118617
15508609603
15510833629
15510833721
15513493125
15515191307
15515388984
15516270323
15516539908
15516568321
15516903679
15517098274
15517101780
15520401201
15520405979
15520415810
15520463747
15522768709
15525046610
15526245490
15527206248
15527472804
15528170134
15529667040
15531114826
15532996480
15537259813
15537542217
15537578851
15537578851
15538470090
15541100708
15541105577
15541105777
15541916733
15541978470
15542626707
15542682995
15542686630
15543118819
15545407446
15545407447
15549846152
15549846155
15549846157
15550950179
15552819668
15553401925
15554138967
15554312003
15554321921
15555050335
15556963392
15556968170
15557196012
15558590953
15558590976
15563232765
15563818820
15563824379
15563838110
15566079096
15566900909
15568476269
15570089065
15570831837
15572309889
15572845875
15573905844
15574196500
15575004342
15578122583
15578122587
15578165472
15578437302
15578521802
15578534326
15578541282
15581200350
15581309786
15584608968
15586602323
15587756740
15588351252a
15589310489
15594110930
15598177809
15599019399
15600574826
15601156685
15601672337
15601693912
15601729518
15602955873
15603384167
15604542847
15605380992
15605754092
15605836947
15606102949
15608764074
15608765154
15609885988
15610050902
15610582093
15610590255
15610596265
15615589585
15615642118
15615891925
15617918365
15618376302
15619275125
15619891218
15622280223
15623034443
15623634663
15623889798
15624036620
15625564226
15625588074
15626203827
15628716071
15628921050
15636368906
15638529930
15641381575
15641394335
15643116066tian
15651287668
15652314043
15653314112
15653314135
15653576788
15655150566
15655263975
156565181
15657450124/赵汝全
15658127805a
15658320138
15658689474
15659181451
15660076787
15664083151
15665894565
15666416316
15666611490
15666611492
15666611493
15666611495
15668081789
15670249106
15671277314
15671278104
15671278482
15671385906
15671635008
15673707797
15675565392
15676308663
15677127882
15677306238
15677339335
15680901336
15681240984
15681474252
15688885746LGL1973
15694391285
15697730809
15698171763
15704031154
15707714135
15707714145
15707714213
15707714415
15710796510
15712160257
15713289710
15713913450
15716340785
15716346718
15716347250
15718481014
15723294956
15726572919
15727283453
15728624575
15733332043wo
15733605461
15737324294
15737326995
15737327337
15737328854
15737343234
15737352600
15737760475
15738342224
15738345426
15738346042
15738404509
15738546022
15738548423
15738590498
15750915717
15753034339
15754540793
15757187097
15757828649
15759581120
15760562950
15766681790
15766681791
15766759265
15774034597
15774034797
15774076490
15777203754
15777964247
15777964627
15778398937
15779414729
157zhangfeng
15800159005
15800224121
15800413730
15800564007
15801019776
15801147105
15801699296
15802315571
15803564629
15803824210
15803880895
15804253916
15805157599
15805435943
15805692394
15805928790
15806320018
15807660113
15808849391
15810096451
15810106005
15810149924
15810427444
15810938920
15811893454
15812418164
15812643982
15812644253
15813427048
15813738977
15814248481
15814759040
15817086439
15817427813
15817527615
15817758056
15820038401
15820427991
15821013896
15821129961
15821197690
15821228911
15821777877
15821826317
15822378580
15822604106
15822955464
15827599901
15831645428
15835482587
15836909100
15837593121
15838902177
15838936854
15839172845
15839774671
15840561505
15840563226
15840800007
15840861767
15840866075
15840869189shi
15840923753
15840959079y
15840985165
15841101753
15841127197
15841130753
15841132681
15841143957
15841166025
15841767998
15841905682
15842435856
15842488327
15842498225
15842650917
15842689857
15842778558
15842797525zzy
15845802131
15850211841
15850211843
15850445509
15850650993
15850715677
15851487055
15851509236
15851644610
15851644635
15851644637
15852035022
15853581155
15853790585
15857088801
15857524966
15857924233
15859268469
15859350648
15859697936
15860513484
15861395877
15861416650
15861416676
15862822913
15862906784
1586538818yj
15866186268
15866235698
15867269192
15867603791
15867980184
15868480952
15868484982
15869149147
15869464915
15869516479
15871429583
15871472587
15871683033
15873668058
15874098525
15874325aapp
15874890275
15877175394
15877176727
15877326039
15878351693
15880474029
15880573643
15882139744
15884305649
15884928262
15889311610
15889453724
15890022385
15891703879
15892100817
15895975560
15896196730
15896858680
15897326850
15898192253
15898655556
15898765388niu
15898773168
15899972417
15900299946
15900621709
15900765833
15901031474
15901085284
15902019949
15902484878
15903358502
15903654543
15904249529
15904615485
15904951116
15905468945
15905812720
15906359792
15906770771
15907179335
15907398177
15909856397
15910386414
15910802739
15910819484
15911085693
15913676742
15914294596
15914370767
15914379387
15915236075
15915775829
15915796754
15917260344
1591740720
15917407579
15917480478
15918443774
15918444064
15918515360
15919029371
15919129402
15919458670
15919613250
15919614019
15919616817
15920044705
15920266206
15920564122
15920594108
15920887241
15921085858
15921558718
15921999768
15922511518
15922738625
15923520210
15926043885
15927697363
15928499965
15930135733
15930769126
15930793605
15933259048
15935444270
15936532603
15936826464
15937640628
15938118534
15938164024
15938955300
15939174270
15940350855
15940355657
15940501707
15940586218
15940824356
15940961821
15940988526
15941111090
15941168660
15942093282
15942256262
15942422827
15942484906
15942490547
15942743560
15942839996
15943657319
15945295057
15950539205
15951029461
15951867940
15951987078
15952205026
15953268999
15955419976
15956767976
15957898786
15959049209
15959798215
15960109773
15961198381
15962476202
15962476949
15965014101
15965119996
15965119998
15967001605
15967324707
15967433011
15967504447
15967526332
15967849877
15968301281
15971501574
15973718844
15974320105
15978804439
15980387126
15980566115
15980587420
15984060600
15985133946
15986065280
15987715275
15988691042
15989047139
15989313778
15989600392
15989992672
15990003440
15990661965
15990971775
15992200145
15993793708
15994225471
15995287408
15995519673
15995850580
15996450007
15996910600
15996912786
15996944342
15998405211
15998426283
15998546628
15999582013
15bits
15smile
1651531AS
16516512W
16516542A
1651ASD6
165465ASD
16smile
17090368632
17092240416
17092242141
17092242857
17092363830
17095326202
17097060701
17097420081
17097420091
17099383990
17701320331
17702316817
17703811258
17712414529
17712679826
17731299901
17746514769
17809515701
1782677256
17mei
17smile
18001104682
18002410944
18003277791
18007522777
18007563046
18011801591
18012404595
18012964875
18013169958
18015028021
18015161799
18016060396
18018215069
18018255101
18019563438
18021326583
18022008896
18027675205
18030286935
18031137217
18042846673
18052124543
18052286765
18053920812
18054315955
18055302398
18055427846
18056928871
18057658278
18059052237
18061020831
18061796960
18062311529
18068261908
18068580122
18069336116
18069377666
18069752323
18071298490
18074816632
18075567191
18077174515
18081558321
18087821013
18087821392
18088361852
18092060186
18092060189
18092527504
18092917657
18095197210
18098877513
18101888680
18103067001
18105391500
18106351393
18107608212
18108677423
18115135517
18115160482
18115258225
18115924928
18119627016
18119627095
18120172690
18121043039
18121070788
18121216599
18122751921
18124563634
18126703177
18129398999
18131633538
18133676155
18134062670
18142860750
18144778311
18150755205
18151514769
18151554282
18151554335
18151554475
18151985696
18155057386
18161456599
18162458026
18162594185
18165197360
18170169768
18171022883
18171022925
18177227976
18178606820
18182687109
18188022656
18200370139
18200839728
18201686855
18201951557
18205488576
18205488773
18206565228
18207730662
18210271090
18210900183
18210999172
18211109670
18213810396
18215518591
18215526197
18215606362
18216123772
18217530741
18218018341
18218679368
18218719153
18221156340
18222553801
18225903119
18225906121
18225906771
18225909218
18232362499
18235490851
18235761681
18237128133
18242360497
18242752053
18243038015
18244544420
18245713296
18251986957
18254486879
18257337070
18258537825
18259106095
18259260520
18259638462
18260597166
18260830347
18260830440
18261563462
18262292012
18263015117
18263038621
18263537986
18265501112
18266121029
18266470770
18266501399
18267455006
18267471284
18269082408
18270988882
18274242593
18274269591
18276164405
18276183367
18276185747
18277710199
18279112048
18279115743
18279118594
18282625329
18283040312
18284659715
18292012611
18297300516
18297301632
18297301713
18297325937
18299953975
18300092147
1830241423
18307728596
18310068368
18310126422
18311258070
18312395118
18318712481
18321901328
18326104522
18326941980
18327508848
18329138491wanzi36
18330804179
18333613123
18338930440
18338930624
18339176585
18339502342
18341280503zyq
18348087997
18352208849
18352510233
18354221253
18354368502
18359100726
18359117696
18361305703
18361457194
18365903778
18370662052
18370719493
18373917514
18374464752
18374589150
18376004572
18376009447
18376040446
18376044752
18376843385
18376921893
18377105743
18377178292
18377200924
18377986131
18378383615
18380801233
18381164156
18381657374
18383119365
18385210855
18387788060
18388150334
18388151137
18388449665
18389592557
18392184167
18392811700
18395569490
18398302858
18404977557
18409281240
18435107099
18439528931
18473015304
18476055433
18481806172
18481814916
18501420867
18501775389
18503406193
18505039609
18505121002
18505127609
18508128727
18508430815
18510210529
18510250811
18510355503
18510812015
18511285318
18511352306
18511778785
18512525271
18513906120
18514028001
18516983876
18518778662
18520966325
18521532614
18525361888
18530637372
18530862334
18534807065
18535774091
18537593188
18537596559
18538562607
18538562627
18547169019
18551228252
18551302372
18554216993
18559161915
18563603152
18563848683
18565701355
18566470668
18571801181
18575678805
18576687516
18576689761
18576689922
18577555952
18581341207
18581662326
18588251097
18589033285
18589831972
18591616557
18600288919
18600295297
18600365320
18600890529
18600966640
18600992343
18601283477
18601451962
18601785969
18602088058
18602263972
18603457827
18603616906
18603662973
18604520756
18604933298
18605557004
18606189342
18606419924
18606865686
18607200417
18609838812
18610081150
186101838651
18610263745
18610271919
18610290242
18610705560
18610989060
18611088379
18611272877
18611283355
18611557199
18611557299
18611588824
18611598519
18611666947
18611680443
18611744286
18611992300
18612981073
18613136760
18613210678
18615166130a
18616003677
18616025569
18616587834
18616655565
18616790426
18618142329
18618237196
18620329870
18620803831
18622271177
18622577090
18622609018
18622766616
18623752129
18624036028
18624395481
18624760034
18625372114
18626030877
18626399566
18627276867
18627764103
18627830265
18628313729
18629398819
18629428655
18629538962
18631155597
18631199965
18631768160
18631972728
18632155665
18632227459
18635966236
18636373841
18637935469
18639160898
18640098591
18640225193
18640556222
18640802520
18640819520
18640842775
18640907660
18640936151
18641108808
18641109137
18641199713
18642072095
18642126299
18642318483
18642629799
18642879170
18643060771
18647455528
18647611937
18647639055
18649807903
18650085841
18651400400
18651612121
18652982500
18652992576
18653124423
18653824924
18653851518
18654648330
18655175027
18656082254
18656409195
18657120082
18657476817
18658395815
18659568085
18660156657
18660784662
18660791775
18661427298
18661670772
18661772322
18661833077
18662913712
18663190639
18663708232
18664310657
18665987184cd
18666134532
18666738783
18666993839
18667011185
18667044774
18668193622
18669310157
18669449259
18670558683
18670792041
18671678818
18672809849
18673529495
18674021187
18674021235
18675001071
18675005786
18676702515
1867719097
18678429554
18679151468
18679189648
18679650886
18679657310
18680370004
18680708723
18682336178
18682898877
18683421172
18683443128
18683614910
18686014487
18686605460
18686856837
18686874400
18688191179
18688451453
18688696611
18688886083
18688933241
18689521367
18690893219
18691500224
18691528953
18696102118
18696325630
18696701534
18698660098
18698660103
18698660107
18698660801
18698660990
18698717562
18698717582
18698765524
18700232546mj
18701288081
18701782603
18702396670
18702711187
18704208801
18705053073
18705789883
18710096283
18710905988
18711905395
18713530644
18717155402
18717826880
18717899782
18720396070
18730129855
18731889601
18732895973
18735815130
18737523281
18737534021
18738653271
18739273123
18742474300
18742513399
18744586221
18745439076
18746004808
18746767533l
18750557505
18750562016
18753628406
18754351835
18754361082
18754364952
18758193966
18758234629
18758454274
18759205143
18761397119
18763510506
18764576686
18766007055
18766070600
18766319275
18766525821
18766529083
18767122109
18767134399
18767207629
18767220501
18768189530
18771661449
18771665264
18772964479
18773142118
18773785034
18774518901
18775837255
18778033780
18778036750
18780221760
18782172077
18783967450
18789309001
18789392830
18795838255
18796217221
18796226867
18796307303
18800110520
18801133855
18802647062
18803559609
18803832020
18803837809
18803837890
18803910609
18804161666
18807266601
18807852996
18810454606
18810671536
18810768076
18810863878
18811569060
18813766576
18814098514
18815281664
18815484074
18815484084
18816671916
18817834837
18817926021
18818394157
18818495279
18819256667
18819426057
18819426086
18820047561
18823493731
18824144569
18824150692
18826701898
18831921824
18831989614
18833576088
18833596996
18840878474
18841183988
18842661533
18842675942
18842810223
18842976626
18851448062
18852180663
18856710344
18860018561
18861502049
18861628358
18863998855
18870017620
18871309641
18871542400
18871544934
18872095245
18874516699
18875078790
18875208911
18877544565陈佳荧
18878950457
18890126930
18890242753
18894140521
18896622878
18898591869
18901067868
18901477909
18902175162
18902783876
18904050620
18905171356
18906083330
18908402315
18908774996
18909071564
18910691649
18911068357
18913963139
18913975220
18914057247
18914563374
18915720661
18917062106
18918135068
18918259150
18918306528
18921451306
18923371176
18924523736
18926177471
18927116857
18927249578
18927618511
18928074006
18930055531
18930339522
18930389686
18930822339
18931641072
18932779936
18933979978
18934793859
18937706360
18938020373
18939729306
18941085288
18941115401
18941115405
18941199611
18941349842
18943751286
18944978305
18944978307
18946399229
18946476078
18948463687
18949347628
18950264613
18950306903
18950837631
18950856528
18950858103
18951220167
18953478997
18953564609
18955365510
18956266349
18956266443
18956756183
18957142809
18960520661
18961861139
18962305815
18964592601
18964636713
18964678231
18965087616
18969756803
18970388222
18971235841
18971391245
18971432915
18973414409
18974617004
18976865988
18976869188
18978328410
18978716811
189808586
18981215070
18983663038
18983743307
18986228947
18988978021
18989406632
18989986142sj
18992726712
18992791051
1899848286
